,ball_tree,brute,kd_tree
1,"{'cityblock': 0.03156754825028772, 'minkowski': 0.016354754684954426, 'euclidean': 0.016354754684954426, 'l1': 0.03156754825028772, 'manhattan': 0.03156754825028772}","{'cityblock': 0.03156754825028772, 'minkowski': 0.016354754684954495, 'euclidean': 0.016354754684954495, 'l1': 0.03156754825028772, 'manhattan': 0.03156754825028772}","{'cityblock': 0.03156754825028772, 'minkowski': 0.016354754684954426, 'euclidean': 0.016354754684954426, 'l1': 0.03156754825028772, 'manhattan': 0.03156754825028772}"
2,"{'cityblock': 0.03156754825028772, 'minkowski': 0.016354754684954426, 'euclidean': 0.016354754684954426, 'l1': 0.03156754825028772, 'manhattan': 0.03156754825028772}","{'cityblock': 0.03156754825028772, 'minkowski': 0.016354754684954495, 'euclidean': 0.016354754684954495, 'l1': 0.03156754825028772, 'manhattan': 0.03156754825028772}","{'cityblock': 0.03156754825028772, 'minkowski': 0.016354754684954426, 'euclidean': 0.016354754684954426, 'l1': 0.03156754825028772, 'manhattan': 0.03156754825028772}"
3,"{'cityblock': 0.03156754825028772, 'minkowski': 0.016354754684954426, 'euclidean': 0.016354754684954426, 'l1': 0.03156754825028772, 'manhattan': 0.03156754825028772}","{'cityblock': 0.03156754825028772, 'minkowski': 0.016354754684954495, 'euclidean': 0.016354754684954495, 'l1': 0.03156754825028772, 'manhattan': 0.03156754825028772}","{'cityblock': 0.03156754825028772, 'minkowski': 0.016354754684954426, 'euclidean': 0.016354754684954426, 'l1': 0.03156754825028772, 'manhattan': 0.03156754825028772}"
4,"{'cityblock': 0.03156754825028772, 'minkowski': 0.016354754684954426, 'euclidean': 0.016354754684954426, 'l1': 0.03156754825028772, 'manhattan': 0.03156754825028772}","{'cityblock': 0.03156754825028772, 'minkowski': 0.016354754684954495, 'euclidean': 0.016354754684954495, 'l1': 0.03156754825028772, 'manhattan': 0.03156754825028772}","{'cityblock': 0.03156754825028772, 'minkowski': 0.016354754684954426, 'euclidean': 0.016354754684954426, 'l1': 0.03156754825028772, 'manhattan': 0.03156754825028772}"
5,"{'cityblock': 0.03156754825028772, 'minkowski': 0.016354754684954426, 'euclidean': 0.016354754684954426, 'l1': 0.03156754825028772, 'manhattan': 0.03156754825028772}","{'cityblock': 0.03156754825028772, 'minkowski': 0.016354754684954495, 'euclidean': 0.016354754684954495, 'l1': 0.03156754825028772, 'manhattan': 0.03156754825028772}","{'cityblock': 0.03156754825028772, 'minkowski': 0.016354754684954426, 'euclidean': 0.016354754684954426, 'l1': 0.03156754825028772, 'manhattan': 0.03156754825028772}"
6,"{'cityblock': 0.03156754825028772, 'minkowski': 0.016354754684954426, 'euclidean': 0.016354754684954426, 'l1': 0.03156754825028772, 'manhattan': 0.03156754825028772}","{'cityblock': 0.03156754825028772, 'minkowski': 0.016354754684954495, 'euclidean': 0.016354754684954495, 'l1': 0.03156754825028772, 'manhattan': 0.03156754825028772}","{'cityblock': 0.03156754825028772, 'minkowski': 0.016354754684954426, 'euclidean': 0.016354754684954426, 'l1': 0.03156754825028772, 'manhattan': 0.03156754825028772}"
7,"{'cityblock': 0.03156754825028772, 'minkowski': 0.016354754684954426, 'euclidean': 0.016354754684954426, 'l1': 0.03156754825028772, 'manhattan': 0.03156754825028772}","{'cityblock': 0.03156754825028772, 'minkowski': 0.016354754684954495, 'euclidean': 0.016354754684954495, 'l1': 0.03156754825028772, 'manhattan': 0.03156754825028772}","{'cityblock': 0.03156754825028772, 'minkowski': 0.016354754684954426, 'euclidean': 0.016354754684954426, 'l1': 0.03156754825028772, 'manhattan': 0.03156754825028772}"
8,"{'cityblock': 0.03156754825028772, 'minkowski': 0.016354754684954426, 'euclidean': 0.016354754684954426, 'l1': 0.03156754825028772, 'manhattan': 0.03156754825028772}","{'cityblock': 0.03156754825028772, 'minkowski': 0.016354754684954495, 'euclidean': 0.016354754684954495, 'l1': 0.03156754825028772, 'manhattan': 0.03156754825028772}","{'cityblock': 0.03156754825028772, 'minkowski': 0.016354754684954426, 'euclidean': 0.016354754684954426, 'l1': 0.03156754825028772, 'manhattan': 0.03156754825028772}"
9,"{'cityblock': 0.03156754825028772, 'minkowski': 0.016354754684954426, 'euclidean': 0.016354754684954426, 'l1': 0.03156754825028772, 'manhattan': 0.03156754825028772}","{'cityblock': 0.03156754825028772, 'minkowski': 0.016354754684954495, 'euclidean': 0.016354754684954495, 'l1': 0.03156754825028772, 'manhattan': 0.03156754825028772}","{'cityblock': 0.03156754825028772, 'minkowski': 0.016354754684954426, 'euclidean': 0.016354754684954426, 'l1': 0.03156754825028772, 'manhattan': 0.03156754825028772}"
10,"{'cityblock': 0.03156754825028772, 'minkowski': 0.016354754684954426, 'euclidean': 0.016354754684954426, 'l1': 0.03156754825028772, 'manhattan': 0.03156754825028772}","{'cityblock': 0.03156754825028772, 'minkowski': 0.016354754684954495, 'euclidean': 0.016354754684954495, 'l1': 0.03156754825028772, 'manhattan': 0.03156754825028772}","{'cityblock': 0.03156754825028772, 'minkowski': 0.016354754684954426, 'euclidean': 0.016354754684954426, 'l1': 0.03156754825028772, 'manhattan': 0.03156754825028772}"
11,"{'cityblock': 0.03156754825028772, 'minkowski': 0.016354754684954426, 'euclidean': 0.016354754684954426, 'l1': 0.03156754825028772, 'manhattan': 0.03156754825028772}","{'cityblock': 0.03156754825028772, 'minkowski': 0.016354754684954495, 'euclidean': 0.016354754684954495, 'l1': 0.03156754825028772, 'manhattan': 0.03156754825028772}","{'cityblock': 0.03156754825028772, 'minkowski': 0.016354754684954426, 'euclidean': 0.016354754684954426, 'l1': 0.03156754825028772, 'manhattan': 0.03156754825028772}"
12,"{'cityblock': 0.03156754825028772, 'minkowski': 0.016354754684954426, 'euclidean': 0.016354754684954426, 'l1': 0.03156754825028772, 'manhattan': 0.03156754825028772}","{'cityblock': 0.03156754825028772, 'minkowski': 0.016354754684954495, 'euclidean': 0.016354754684954495, 'l1': 0.03156754825028772, 'manhattan': 0.03156754825028772}","{'cityblock': 0.03156754825028772, 'minkowski': 0.016354754684954426, 'euclidean': 0.016354754684954426, 'l1': 0.03156754825028772, 'manhattan': 0.03156754825028772}"
13,"{'cityblock': 0.03156754825028772, 'minkowski': 0.016354754684954426, 'euclidean': 0.016354754684954426, 'l1': 0.03156754825028772, 'manhattan': 0.03156754825028772}","{'cityblock': 0.03156754825028772, 'minkowski': 0.016354754684954495, 'euclidean': 0.016354754684954495, 'l1': 0.03156754825028772, 'manhattan': 0.03156754825028772}","{'cityblock': 0.03156754825028772, 'minkowski': 0.016354754684954426, 'euclidean': 0.016354754684954426, 'l1': 0.03156754825028772, 'manhattan': 0.03156754825028772}"
14,"{'cityblock': 0.03156754825028772, 'minkowski': 0.016354754684954426, 'euclidean': 0.016354754684954426, 'l1': 0.03156754825028772, 'manhattan': 0.03156754825028772}","{'cityblock': 0.03156754825028772, 'minkowski': 0.016354754684954495, 'euclidean': 0.016354754684954495, 'l1': 0.03156754825028772, 'manhattan': 0.03156754825028772}","{'cityblock': 0.03156754825028772, 'minkowski': 0.016354754684954426, 'euclidean': 0.016354754684954426, 'l1': 0.03156754825028772, 'manhattan': 0.03156754825028772}"
15,"{'cityblock': 0.03156754825028772, 'minkowski': 0.016354754684954426, 'euclidean': 0.016354754684954426, 'l1': 0.03156754825028772, 'manhattan': 0.03156754825028772}","{'cityblock': 0.03156754825028772, 'minkowski': 0.016354754684954495, 'euclidean': 0.016354754684954495, 'l1': 0.03156754825028772, 'manhattan': 0.03156754825028772}","{'cityblock': 0.03156754825028772, 'minkowski': 0.016354754684954426, 'euclidean': 0.016354754684954426, 'l1': 0.03156754825028772, 'manhattan': 0.03156754825028772}"
16,"{'cityblock': 0.03156754825028772, 'minkowski': 0.016354754684954426, 'euclidean': 0.016354754684954426, 'l1': 0.03156754825028772, 'manhattan': 0.03156754825028772}","{'cityblock': 0.03156754825028772, 'minkowski': 0.016354754684954495, 'euclidean': 0.016354754684954495, 'l1': 0.03156754825028772, 'manhattan': 0.03156754825028772}","{'cityblock': 0.03156754825028772, 'minkowski': 0.016354754684954426, 'euclidean': 0.016354754684954426, 'l1': 0.03156754825028772, 'manhattan': 0.03156754825028772}"
17,"{'cityblock': 0.03156754825028772, 'minkowski': 0.016354754684954426, 'euclidean': 0.016354754684954426, 'l1': 0.03156754825028772, 'manhattan': 0.03156754825028772}","{'cityblock': 0.03156754825028772, 'minkowski': 0.016354754684954495, 'euclidean': 0.016354754684954495, 'l1': 0.03156754825028772, 'manhattan': 0.03156754825028772}","{'cityblock': 0.03156754825028772, 'minkowski': 0.016354754684954426, 'euclidean': 0.016354754684954426, 'l1': 0.03156754825028772, 'manhattan': 0.03156754825028772}"
18,"{'cityblock': 0.03156754825028772, 'minkowski': 0.016354754684954426, 'euclidean': 0.016354754684954426, 'l1': 0.03156754825028772, 'manhattan': 0.03156754825028772}","{'cityblock': 0.03156754825028772, 'minkowski': 0.016354754684954495, 'euclidean': 0.016354754684954495, 'l1': 0.03156754825028772, 'manhattan': 0.03156754825028772}","{'cityblock': 0.03156754825028772, 'minkowski': 0.016354754684954426, 'euclidean': 0.016354754684954426, 'l1': 0.03156754825028772, 'manhattan': 0.03156754825028772}"
19,"{'cityblock': 0.03156754825028772, 'minkowski': 0.016354754684954426, 'euclidean': 0.016354754684954426, 'l1': 0.03156754825028772, 'manhattan': 0.03156754825028772}","{'cityblock': 0.03156754825028772, 'minkowski': 0.016354754684954495, 'euclidean': 0.016354754684954495, 'l1': 0.03156754825028772, 'manhattan': 0.03156754825028772}","{'cityblock': 0.03156754825028772, 'minkowski': 0.016354754684954426, 'euclidean': 0.016354754684954426, 'l1': 0.03156754825028772, 'manhattan': 0.03156754825028772}"
20,"{'cityblock': 0.03156754825028772, 'minkowski': 0.016354754684954426, 'euclidean': 0.016354754684954426, 'l1': 0.03156754825028772, 'manhattan': 0.03156754825028772}","{'cityblock': 0.03156754825028772, 'minkowski': 0.016354754684954495, 'euclidean': 0.016354754684954495, 'l1': 0.03156754825028772, 'manhattan': 0.03156754825028772}","{'cityblock': 0.03156754825028772, 'minkowski': 0.016354754684954426, 'euclidean': 0.016354754684954426, 'l1': 0.03156754825028772, 'manhattan': 0.03156754825028772}"
21,"{'cityblock': 0.03156754825028772, 'minkowski': 0.016354754684954426, 'euclidean': 0.016354754684954426, 'l1': 0.03156754825028772, 'manhattan': 0.03156754825028772}","{'cityblock': 0.03156754825028772, 'minkowski': 0.016354754684954495, 'euclidean': 0.016354754684954495, 'l1': 0.03156754825028772, 'manhattan': 0.03156754825028772}","{'cityblock': 0.03156754825028772, 'minkowski': 0.016354754684954426, 'euclidean': 0.016354754684954426, 'l1': 0.03156754825028772, 'manhattan': 0.03156754825028772}"
22,"{'cityblock': 0.03156754825028772, 'minkowski': 0.016354754684954426, 'euclidean': 0.016354754684954426, 'l1': 0.03156754825028772, 'manhattan': 0.03156754825028772}","{'cityblock': 0.03156754825028772, 'minkowski': 0.016354754684954495, 'euclidean': 0.016354754684954495, 'l1': 0.03156754825028772, 'manhattan': 0.03156754825028772}","{'cityblock': 0.03156754825028772, 'minkowski': 0.016354754684954426, 'euclidean': 0.016354754684954426, 'l1': 0.03156754825028772, 'manhattan': 0.03156754825028772}"
23,"{'cityblock': 0.03156754825028772, 'minkowski': 0.016354754684954426, 'euclidean': 0.016354754684954426, 'l1': 0.03156754825028772, 'manhattan': 0.03156754825028772}","{'cityblock': 0.03156754825028772, 'minkowski': 0.016354754684954495, 'euclidean': 0.016354754684954495, 'l1': 0.03156754825028772, 'manhattan': 0.03156754825028772}","{'cityblock': 0.03156754825028772, 'minkowski': 0.016354754684954426, 'euclidean': 0.016354754684954426, 'l1': 0.03156754825028772, 'manhattan': 0.03156754825028772}"
24,"{'cityblock': 0.03156754825028772, 'minkowski': 0.016354754684954426, 'euclidean': 0.016354754684954426, 'l1': 0.03156754825028772, 'manhattan': 0.03156754825028772}","{'cityblock': 0.03156754825028772, 'minkowski': 0.016354754684954495, 'euclidean': 0.016354754684954495, 'l1': 0.03156754825028772, 'manhattan': 0.03156754825028772}","{'cityblock': 0.03156754825028772, 'minkowski': 0.016354754684954426, 'euclidean': 0.016354754684954426, 'l1': 0.03156754825028772, 'manhattan': 0.03156754825028772}"
25,"{'cityblock': 0.03156754825028772, 'minkowski': 0.016354754684954426, 'euclidean': 0.016354754684954426, 'l1': 0.03156754825028772, 'manhattan': 0.03156754825028772}","{'cityblock': 0.03156754825028772, 'minkowski': 0.016354754684954495, 'euclidean': 0.016354754684954495, 'l1': 0.03156754825028772, 'manhattan': 0.03156754825028772}","{'cityblock': 0.03156754825028772, 'minkowski': 0.016354754684954426, 'euclidean': 0.016354754684954426, 'l1': 0.03156754825028772, 'manhattan': 0.03156754825028772}"
26,"{'cityblock': 0.03156754825028772, 'minkowski': 0.016354754684954426, 'euclidean': 0.016354754684954426, 'l1': 0.03156754825028772, 'manhattan': 0.03156754825028772}","{'cityblock': 0.03156754825028772, 'minkowski': 0.016354754684954495, 'euclidean': 0.016354754684954495, 'l1': 0.03156754825028772, 'manhattan': 0.03156754825028772}","{'cityblock': 0.03156754825028772, 'minkowski': 0.016354754684954426, 'euclidean': 0.016354754684954426, 'l1': 0.03156754825028772, 'manhattan': 0.03156754825028772}"
27,"{'cityblock': 0.03156754825028772, 'minkowski': 0.016354754684954426, 'euclidean': 0.016354754684954426, 'l1': 0.03156754825028772, 'manhattan': 0.03156754825028772}","{'cityblock': 0.03156754825028772, 'minkowski': 0.016354754684954495, 'euclidean': 0.016354754684954495, 'l1': 0.03156754825028772, 'manhattan': 0.03156754825028772}","{'cityblock': 0.03156754825028772, 'minkowski': 0.016354754684954426, 'euclidean': 0.016354754684954426, 'l1': 0.03156754825028772, 'manhattan': 0.03156754825028772}"
28,"{'cityblock': 0.03156754825028772, 'minkowski': 0.016354754684954426, 'euclidean': 0.016354754684954426, 'l1': 0.03156754825028772, 'manhattan': 0.03156754825028772}","{'cityblock': 0.03156754825028772, 'minkowski': 0.016354754684954495, 'euclidean': 0.016354754684954495, 'l1': 0.03156754825028772, 'manhattan': 0.03156754825028772}","{'cityblock': 0.03156754825028772, 'minkowski': 0.016354754684954426, 'euclidean': 0.016354754684954426, 'l1': 0.03156754825028772, 'manhattan': 0.03156754825028772}"
29,"{'cityblock': 0.03156754825028772, 'minkowski': 0.016354754684954426, 'euclidean': 0.016354754684954426, 'l1': 0.03156754825028772, 'manhattan': 0.03156754825028772}","{'cityblock': 0.03156754825028772, 'minkowski': 0.016354754684954495, 'euclidean': 0.016354754684954495, 'l1': 0.03156754825028772, 'manhattan': 0.03156754825028772}","{'cityblock': 0.03156754825028772, 'minkowski': 0.016354754684954426, 'euclidean': 0.016354754684954426, 'l1': 0.03156754825028772, 'manhattan': 0.03156754825028772}"
30,"{'cityblock': 0.03156754825028772, 'minkowski': 0.016354754684954426, 'euclidean': 0.016354754684954426, 'l1': 0.03156754825028772, 'manhattan': 0.03156754825028772}","{'cityblock': 0.03156754825028772, 'minkowski': 0.016354754684954495, 'euclidean': 0.016354754684954495, 'l1': 0.03156754825028772, 'manhattan': 0.03156754825028772}","{'cityblock': 0.03156754825028772, 'minkowski': 0.016354754684954426, 'euclidean': 0.016354754684954426, 'l1': 0.03156754825028772, 'manhattan': 0.03156754825028772}"
31,"{'cityblock': 0.03156754825028772, 'minkowski': 0.016354754684954426, 'euclidean': 0.016354754684954426, 'l1': 0.03156754825028772, 'manhattan': 0.03156754825028772}","{'cityblock': 0.03156754825028772, 'minkowski': 0.016354754684954495, 'euclidean': 0.016354754684954495, 'l1': 0.03156754825028772, 'manhattan': 0.03156754825028772}","{'cityblock': 0.03156754825028772, 'minkowski': 0.016354754684954426, 'euclidean': 0.016354754684954426, 'l1': 0.03156754825028772, 'manhattan': 0.03156754825028772}"
32,"{'cityblock': 0.03156754825028772, 'minkowski': 0.016354754684954426, 'euclidean': 0.016354754684954426, 'l1': 0.03156754825028772, 'manhattan': 0.03156754825028772}","{'cityblock': 0.03156754825028772, 'minkowski': 0.016354754684954495, 'euclidean': 0.016354754684954495, 'l1': 0.03156754825028772, 'manhattan': 0.03156754825028772}","{'cityblock': 0.03156754825028772, 'minkowski': 0.016354754684954426, 'euclidean': 0.016354754684954426, 'l1': 0.03156754825028772, 'manhattan': 0.03156754825028772}"
33,"{'cityblock': 0.03156754825028772, 'minkowski': 0.016354754684954426, 'euclidean': 0.016354754684954426, 'l1': 0.03156754825028772, 'manhattan': 0.03156754825028772}","{'cityblock': 0.03156754825028772, 'minkowski': 0.016354754684954495, 'euclidean': 0.016354754684954495, 'l1': 0.03156754825028772, 'manhattan': 0.03156754825028772}","{'cityblock': 0.03156754825028772, 'minkowski': 0.016354754684954426, 'euclidean': 0.016354754684954426, 'l1': 0.03156754825028772, 'manhattan': 0.03156754825028772}"
34,"{'cityblock': 0.03156754825028772, 'minkowski': 0.016354754684954426, 'euclidean': 0.016354754684954426, 'l1': 0.03156754825028772, 'manhattan': 0.03156754825028772}","{'cityblock': 0.03156754825028772, 'minkowski': 0.016354754684954495, 'euclidean': 0.016354754684954495, 'l1': 0.03156754825028772, 'manhattan': 0.03156754825028772}","{'cityblock': 0.03156754825028772, 'minkowski': 0.016354754684954426, 'euclidean': 0.016354754684954426, 'l1': 0.03156754825028772, 'manhattan': 0.03156754825028772}"
35,"{'cityblock': 0.03156754825028772, 'minkowski': 0.016354754684954426, 'euclidean': 0.016354754684954426, 'l1': 0.03156754825028772, 'manhattan': 0.03156754825028772}","{'cityblock': 0.03156754825028772, 'minkowski': 0.016354754684954495, 'euclidean': 0.016354754684954495, 'l1': 0.03156754825028772, 'manhattan': 0.03156754825028772}","{'cityblock': 0.03156754825028772, 'minkowski': 0.016354754684954426, 'euclidean': 0.016354754684954426, 'l1': 0.03156754825028772, 'manhattan': 0.03156754825028772}"
36,"{'cityblock': 0.03156754825028772, 'minkowski': 0.016354754684954426, 'euclidean': 0.016354754684954426, 'l1': 0.03156754825028772, 'manhattan': 0.03156754825028772}","{'cityblock': 0.03156754825028772, 'minkowski': 0.016354754684954495, 'euclidean': 0.016354754684954495, 'l1': 0.03156754825028772, 'manhattan': 0.03156754825028772}","{'cityblock': 0.03156754825028772, 'minkowski': 0.016354754684954426, 'euclidean': 0.016354754684954426, 'l1': 0.03156754825028772, 'manhattan': 0.03156754825028772}"
37,"{'cityblock': 0.03156754825028772, 'minkowski': 0.016354754684954426, 'euclidean': 0.016354754684954426, 'l1': 0.03156754825028772, 'manhattan': 0.03156754825028772}","{'cityblock': 0.03156754825028772, 'minkowski': 0.016354754684954495, 'euclidean': 0.016354754684954495, 'l1': 0.03156754825028772, 'manhattan': 0.03156754825028772}","{'cityblock': 0.03156754825028772, 'minkowski': 0.016354754684954426, 'euclidean': 0.016354754684954426, 'l1': 0.03156754825028772, 'manhattan': 0.03156754825028772}"
38,"{'cityblock': 0.03156754825028772, 'minkowski': 0.016354754684954426, 'euclidean': 0.016354754684954426, 'l1': 0.03156754825028772, 'manhattan': 0.03156754825028772}","{'cityblock': 0.03156754825028772, 'minkowski': 0.016354754684954495, 'euclidean': 0.016354754684954495, 'l1': 0.03156754825028772, 'manhattan': 0.03156754825028772}","{'cityblock': 0.03156754825028772, 'minkowski': 0.016354754684954426, 'euclidean': 0.016354754684954426, 'l1': 0.03156754825028772, 'manhattan': 0.03156754825028772}"
39,"{'cityblock': 0.03156754825028772, 'minkowski': 0.016354754684954426, 'euclidean': 0.016354754684954426, 'l1': 0.03156754825028772, 'manhattan': 0.03156754825028772}","{'cityblock': 0.03156754825028772, 'minkowski': 0.016354754684954495, 'euclidean': 0.016354754684954495, 'l1': 0.03156754825028772, 'manhattan': 0.03156754825028772}","{'cityblock': 0.03156754825028772, 'minkowski': 0.016354754684954426, 'euclidean': 0.016354754684954426, 'l1': 0.03156754825028772, 'manhattan': 0.03156754825028772}"
40,"{'cityblock': 0.03156754825028772, 'minkowski': 0.016354754684954426, 'euclidean': 0.016354754684954426, 'l1': 0.03156754825028772, 'manhattan': 0.03156754825028772}","{'cityblock': 0.03156754825028772, 'minkowski': 0.016354754684954495, 'euclidean': 0.016354754684954495, 'l1': 0.03156754825028772, 'manhattan': 0.03156754825028772}","{'cityblock': 0.03156754825028772, 'minkowski': 0.016354754684954426, 'euclidean': 0.016354754684954426, 'l1': 0.03156754825028772, 'manhattan': 0.03156754825028772}"
41,"{'cityblock': 0.03156754825028772, 'minkowski': 0.016354754684954426, 'euclidean': 0.016354754684954426, 'l1': 0.03156754825028772, 'manhattan': 0.03156754825028772}","{'cityblock': 0.03156754825028772, 'minkowski': 0.016354754684954495, 'euclidean': 0.016354754684954495, 'l1': 0.03156754825028772, 'manhattan': 0.03156754825028772}","{'cityblock': 0.03156754825028772, 'minkowski': 0.016354754684954426, 'euclidean': 0.016354754684954426, 'l1': 0.03156754825028772, 'manhattan': 0.03156754825028772}"
42,"{'cityblock': 0.03156754825028772, 'minkowski': 0.016354754684954426, 'euclidean': 0.016354754684954426, 'l1': 0.03156754825028772, 'manhattan': 0.03156754825028772}","{'cityblock': 0.03156754825028772, 'minkowski': 0.016354754684954495, 'euclidean': 0.016354754684954495, 'l1': 0.03156754825028772, 'manhattan': 0.03156754825028772}","{'cityblock': 0.03156754825028772, 'minkowski': 0.016354754684954426, 'euclidean': 0.016354754684954426, 'l1': 0.03156754825028772, 'manhattan': 0.03156754825028772}"
43,"{'cityblock': 0.03156754825028772, 'minkowski': 0.016354754684954426, 'euclidean': 0.016354754684954426, 'l1': 0.03156754825028772, 'manhattan': 0.03156754825028772}","{'cityblock': 0.03156754825028772, 'minkowski': 0.016354754684954495, 'euclidean': 0.016354754684954495, 'l1': 0.03156754825028772, 'manhattan': 0.03156754825028772}","{'cityblock': 0.03156754825028772, 'minkowski': 0.016354754684954426, 'euclidean': 0.016354754684954426, 'l1': 0.03156754825028772, 'manhattan': 0.03156754825028772}"
44,"{'cityblock': 0.03156754825028772, 'minkowski': 0.016354754684954426, 'euclidean': 0.016354754684954426, 'l1': 0.03156754825028772, 'manhattan': 0.03156754825028772}","{'cityblock': 0.03156754825028772, 'minkowski': 0.016354754684954495, 'euclidean': 0.016354754684954495, 'l1': 0.03156754825028772, 'manhattan': 0.03156754825028772}","{'cityblock': 0.03156754825028772, 'minkowski': 0.016354754684954426, 'euclidean': 0.016354754684954426, 'l1': 0.03156754825028772, 'manhattan': 0.03156754825028772}"
45,"{'cityblock': 0.03156754825028772, 'minkowski': 0.016354754684954426, 'euclidean': 0.016354754684954426, 'l1': 0.03156754825028772, 'manhattan': 0.03156754825028772}","{'cityblock': 0.03156754825028772, 'minkowski': 0.016354754684954495, 'euclidean': 0.016354754684954495, 'l1': 0.03156754825028772, 'manhattan': 0.03156754825028772}","{'cityblock': 0.03156754825028772, 'minkowski': 0.016354754684954426, 'euclidean': 0.016354754684954426, 'l1': 0.03156754825028772, 'manhattan': 0.03156754825028772}"
46,"{'cityblock': 0.03156754825028772, 'minkowski': 0.016354754684954426, 'euclidean': 0.016354754684954426, 'l1': 0.03156754825028772, 'manhattan': 0.03156754825028772}","{'cityblock': 0.03156754825028772, 'minkowski': 0.016354754684954495, 'euclidean': 0.016354754684954495, 'l1': 0.03156754825028772, 'manhattan': 0.03156754825028772}","{'cityblock': 0.03156754825028772, 'minkowski': 0.016354754684954426, 'euclidean': 0.016354754684954426, 'l1': 0.03156754825028772, 'manhattan': 0.03156754825028772}"
47,"{'cityblock': 0.03156754825028772, 'minkowski': 0.016354754684954426, 'euclidean': 0.016354754684954426, 'l1': 0.03156754825028772, 'manhattan': 0.03156754825028772}","{'cityblock': 0.03156754825028772, 'minkowski': 0.016354754684954495, 'euclidean': 0.016354754684954495, 'l1': 0.03156754825028772, 'manhattan': 0.03156754825028772}","{'cityblock': 0.03156754825028772, 'minkowski': 0.016354754684954426, 'euclidean': 0.016354754684954426, 'l1': 0.03156754825028772, 'manhattan': 0.03156754825028772}"
48,"{'cityblock': 0.03156754825028772, 'minkowski': 0.016354754684954426, 'euclidean': 0.016354754684954426, 'l1': 0.03156754825028772, 'manhattan': 0.03156754825028772}","{'cityblock': 0.03156754825028772, 'minkowski': 0.016354754684954495, 'euclidean': 0.016354754684954495, 'l1': 0.03156754825028772, 'manhattan': 0.03156754825028772}","{'cityblock': 0.03156754825028772, 'minkowski': 0.016354754684954426, 'euclidean': 0.016354754684954426, 'l1': 0.03156754825028772, 'manhattan': 0.03156754825028772}"
49,"{'cityblock': 0.03156754825028772, 'minkowski': 0.016354754684954426, 'euclidean': 0.016354754684954426, 'l1': 0.03156754825028772, 'manhattan': 0.03156754825028772}","{'cityblock': 0.03156754825028772, 'minkowski': 0.016354754684954495, 'euclidean': 0.016354754684954495, 'l1': 0.03156754825028772, 'manhattan': 0.03156754825028772}","{'cityblock': 0.03156754825028772, 'minkowski': 0.016354754684954426, 'euclidean': 0.016354754684954426, 'l1': 0.03156754825028772, 'manhattan': 0.03156754825028772}"
50,"{'cityblock': 0.03156754825028772, 'minkowski': 0.016354754684954426, 'euclidean': 0.016354754684954426, 'l1': 0.03156754825028772, 'manhattan': 0.03156754825028772}","{'cityblock': 0.03156754825028772, 'minkowski': 0.016354754684954495, 'euclidean': 0.016354754684954495, 'l1': 0.03156754825028772, 'manhattan': 0.03156754825028772}","{'cityblock': 0.03156754825028772, 'minkowski': 0.016354754684954426, 'euclidean': 0.016354754684954426, 'l1': 0.03156754825028772, 'manhattan': 0.03156754825028772}"
51,"{'cityblock': 0.03156754825028772, 'minkowski': 0.016354754684954426, 'euclidean': 0.016354754684954426, 'l1': 0.03156754825028772, 'manhattan': 0.03156754825028772}","{'cityblock': 0.03156754825028772, 'minkowski': 0.016354754684954495, 'euclidean': 0.016354754684954495, 'l1': 0.03156754825028772, 'manhattan': 0.03156754825028772}","{'cityblock': 0.03156754825028772, 'minkowski': 0.016354754684954426, 'euclidean': 0.016354754684954426, 'l1': 0.03156754825028772, 'manhattan': 0.03156754825028772}"
52,"{'cityblock': 0.03156754825028772, 'minkowski': 0.016354754684954426, 'euclidean': 0.016354754684954426, 'l1': 0.03156754825028772, 'manhattan': 0.03156754825028772}","{'cityblock': 0.03156754825028772, 'minkowski': 0.016354754684954495, 'euclidean': 0.016354754684954495, 'l1': 0.03156754825028772, 'manhattan': 0.03156754825028772}","{'cityblock': 0.03156754825028772, 'minkowski': 0.016354754684954426, 'euclidean': 0.016354754684954426, 'l1': 0.03156754825028772, 'manhattan': 0.03156754825028772}"
53,"{'cityblock': 0.03156754825028772, 'minkowski': 0.016354754684954426, 'euclidean': 0.016354754684954426, 'l1': 0.03156754825028772, 'manhattan': 0.03156754825028772}","{'cityblock': 0.03156754825028772, 'minkowski': 0.016354754684954495, 'euclidean': 0.016354754684954495, 'l1': 0.03156754825028772, 'manhattan': 0.03156754825028772}","{'cityblock': 0.03156754825028772, 'minkowski': 0.016354754684954426, 'euclidean': 0.016354754684954426, 'l1': 0.03156754825028772, 'manhattan': 0.03156754825028772}"
54,"{'cityblock': 0.03156754825028772, 'minkowski': 0.016354754684954426, 'euclidean': 0.016354754684954426, 'l1': 0.03156754825028772, 'manhattan': 0.03156754825028772}","{'cityblock': 0.03156754825028772, 'minkowski': 0.016354754684954495, 'euclidean': 0.016354754684954495, 'l1': 0.03156754825028772, 'manhattan': 0.03156754825028772}","{'cityblock': 0.03156754825028772, 'minkowski': 0.016354754684954426, 'euclidean': 0.016354754684954426, 'l1': 0.03156754825028772, 'manhattan': 0.03156754825028772}"
55,"{'cityblock': 0.03156754825028772, 'minkowski': 0.016354754684954426, 'euclidean': 0.016354754684954426, 'l1': 0.03156754825028772, 'manhattan': 0.03156754825028772}","{'cityblock': 0.03156754825028772, 'minkowski': 0.016354754684954495, 'euclidean': 0.016354754684954495, 'l1': 0.03156754825028772, 'manhattan': 0.03156754825028772}","{'cityblock': 0.03156754825028772, 'minkowski': 0.016354754684954426, 'euclidean': 0.016354754684954426, 'l1': 0.03156754825028772, 'manhattan': 0.03156754825028772}"
56,"{'cityblock': 0.03156754825028772, 'minkowski': 0.016354754684954426, 'euclidean': 0.016354754684954426, 'l1': 0.03156754825028772, 'manhattan': 0.03156754825028772}","{'cityblock': 0.03156754825028772, 'minkowski': 0.016354754684954495, 'euclidean': 0.016354754684954495, 'l1': 0.03156754825028772, 'manhattan': 0.03156754825028772}","{'cityblock': 0.03156754825028772, 'minkowski': 0.016354754684954426, 'euclidean': 0.016354754684954426, 'l1': 0.03156754825028772, 'manhattan': 0.03156754825028772}"
57,"{'cityblock': 0.03156754825028772, 'minkowski': 0.016354754684954426, 'euclidean': 0.016354754684954426, 'l1': 0.03156754825028772, 'manhattan': 0.03156754825028772}","{'cityblock': 0.03156754825028772, 'minkowski': 0.016354754684954495, 'euclidean': 0.016354754684954495, 'l1': 0.03156754825028772, 'manhattan': 0.03156754825028772}","{'cityblock': 0.03156754825028772, 'minkowski': 0.016354754684954426, 'euclidean': 0.016354754684954426, 'l1': 0.03156754825028772, 'manhattan': 0.03156754825028772}"
58,"{'cityblock': 0.03156754825028772, 'minkowski': 0.016354754684954426, 'euclidean': 0.016354754684954426, 'l1': 0.03156754825028772, 'manhattan': 0.03156754825028772}","{'cityblock': 0.03156754825028772, 'minkowski': 0.016354754684954495, 'euclidean': 0.016354754684954495, 'l1': 0.03156754825028772, 'manhattan': 0.03156754825028772}","{'cityblock': 0.03156754825028772, 'minkowski': 0.016354754684954426, 'euclidean': 0.016354754684954426, 'l1': 0.03156754825028772, 'manhattan': 0.03156754825028772}"
59,"{'cityblock': 0.03156754825028772, 'minkowski': 0.016354754684954426, 'euclidean': 0.016354754684954426, 'l1': 0.03156754825028772, 'manhattan': 0.03156754825028772}","{'cityblock': 0.03156754825028772, 'minkowski': 0.016354754684954495, 'euclidean': 0.016354754684954495, 'l1': 0.03156754825028772, 'manhattan': 0.03156754825028772}","{'cityblock': 0.03156754825028772, 'minkowski': 0.016354754684954426, 'euclidean': 0.016354754684954426, 'l1': 0.03156754825028772, 'manhattan': 0.03156754825028772}"
60,"{'cityblock': 0.03156754825028772, 'minkowski': 0.016354754684954426, 'euclidean': 0.016354754684954426, 'l1': 0.03156754825028772, 'manhattan': 0.03156754825028772}","{'cityblock': 0.03156754825028772, 'minkowski': 0.016354754684954495, 'euclidean': 0.016354754684954495, 'l1': 0.03156754825028772, 'manhattan': 0.03156754825028772}","{'cityblock': 0.03156754825028772, 'minkowski': 0.016354754684954426, 'euclidean': 0.016354754684954426, 'l1': 0.03156754825028772, 'manhattan': 0.03156754825028772}"
61,"{'cityblock': 0.03156754825028772, 'minkowski': 0.016354754684954426, 'euclidean': 0.016354754684954426, 'l1': 0.03156754825028772, 'manhattan': 0.03156754825028772}","{'cityblock': 0.03156754825028772, 'minkowski': 0.016354754684954495, 'euclidean': 0.016354754684954495, 'l1': 0.03156754825028772, 'manhattan': 0.03156754825028772}","{'cityblock': 0.03156754825028772, 'minkowski': 0.016354754684954426, 'euclidean': 0.016354754684954426, 'l1': 0.03156754825028772, 'manhattan': 0.03156754825028772}"
62,"{'cityblock': 0.03156754825028772, 'minkowski': 0.016354754684954426, 'euclidean': 0.016354754684954426, 'l1': 0.03156754825028772, 'manhattan': 0.03156754825028772}","{'cityblock': 0.03156754825028772, 'minkowski': 0.016354754684954495, 'euclidean': 0.016354754684954495, 'l1': 0.03156754825028772, 'manhattan': 0.03156754825028772}","{'cityblock': 0.03156754825028772, 'minkowski': 0.016354754684954426, 'euclidean': 0.016354754684954426, 'l1': 0.03156754825028772, 'manhattan': 0.03156754825028772}"
63,"{'cityblock': 0.03156754825028772, 'minkowski': 0.016354754684954426, 'euclidean': 0.016354754684954426, 'l1': 0.03156754825028772, 'manhattan': 0.03156754825028772}","{'cityblock': 0.03156754825028772, 'minkowski': 0.016354754684954495, 'euclidean': 0.016354754684954495, 'l1': 0.03156754825028772, 'manhattan': 0.03156754825028772}","{'cityblock': 0.03156754825028772, 'minkowski': 0.016354754684954426, 'euclidean': 0.016354754684954426, 'l1': 0.03156754825028772, 'manhattan': 0.03156754825028772}"
64,"{'cityblock': 0.03156754825028772, 'minkowski': 0.016354754684954426, 'euclidean': 0.016354754684954426, 'l1': 0.03156754825028772, 'manhattan': 0.03156754825028772}","{'cityblock': 0.03156754825028772, 'minkowski': 0.016354754684954495, 'euclidean': 0.016354754684954495, 'l1': 0.03156754825028772, 'manhattan': 0.03156754825028772}","{'cityblock': 0.03156754825028772, 'minkowski': 0.016354754684954426, 'euclidean': 0.016354754684954426, 'l1': 0.03156754825028772, 'manhattan': 0.03156754825028772}"
65,"{'cityblock': 0.03156754825028772, 'minkowski': 0.016354754684954426, 'euclidean': 0.016354754684954426, 'l1': 0.03156754825028772, 'manhattan': 0.03156754825028772}","{'cityblock': 0.03156754825028772, 'minkowski': 0.016354754684954495, 'euclidean': 0.016354754684954495, 'l1': 0.03156754825028772, 'manhattan': 0.03156754825028772}","{'cityblock': 0.03156754825028772, 'minkowski': 0.016354754684954426, 'euclidean': 0.016354754684954426, 'l1': 0.03156754825028772, 'manhattan': 0.03156754825028772}"
66,"{'cityblock': 0.03156754825028772, 'minkowski': 0.016354754684954426, 'euclidean': 0.016354754684954426, 'l1': 0.03156754825028772, 'manhattan': 0.03156754825028772}","{'cityblock': 0.03156754825028772, 'minkowski': 0.016354754684954495, 'euclidean': 0.016354754684954495, 'l1': 0.03156754825028772, 'manhattan': 0.03156754825028772}","{'cityblock': 0.03156754825028772, 'minkowski': 0.016354754684954426, 'euclidean': 0.016354754684954426, 'l1': 0.03156754825028772, 'manhattan': 0.03156754825028772}"
67,"{'cityblock': 0.03156754825028772, 'minkowski': 0.016354754684954426, 'euclidean': 0.016354754684954426, 'l1': 0.03156754825028772, 'manhattan': 0.03156754825028772}","{'cityblock': 0.03156754825028772, 'minkowski': 0.016354754684954495, 'euclidean': 0.016354754684954495, 'l1': 0.03156754825028772, 'manhattan': 0.03156754825028772}","{'cityblock': 0.03156754825028772, 'minkowski': 0.016354754684954426, 'euclidean': 0.016354754684954426, 'l1': 0.03156754825028772, 'manhattan': 0.03156754825028772}"
68,"{'cityblock': 0.03156754825028772, 'minkowski': 0.016354754684954426, 'euclidean': 0.016354754684954426, 'l1': 0.03156754825028772, 'manhattan': 0.03156754825028772}","{'cityblock': 0.03156754825028772, 'minkowski': 0.016354754684954495, 'euclidean': 0.016354754684954495, 'l1': 0.03156754825028772, 'manhattan': 0.03156754825028772}","{'cityblock': 0.03156754825028772, 'minkowski': 0.016354754684954426, 'euclidean': 0.016354754684954426, 'l1': 0.03156754825028772, 'manhattan': 0.03156754825028772}"
69,"{'cityblock': 0.03156754825028772, 'minkowski': 0.016354754684954426, 'euclidean': 0.016354754684954426, 'l1': 0.03156754825028772, 'manhattan': 0.03156754825028772}","{'cityblock': 0.03156754825028772, 'minkowski': 0.016354754684954495, 'euclidean': 0.016354754684954495, 'l1': 0.03156754825028772, 'manhattan': 0.03156754825028772}","{'cityblock': 0.03156754825028772, 'minkowski': 0.016354754684954426, 'euclidean': 0.016354754684954426, 'l1': 0.03156754825028772, 'manhattan': 0.03156754825028772}"
70,"{'cityblock': 0.03156754825028772, 'minkowski': 0.016354754684954426, 'euclidean': 0.016354754684954426, 'l1': 0.03156754825028772, 'manhattan': 0.03156754825028772}","{'cityblock': 0.03156754825028772, 'minkowski': 0.016354754684954495, 'euclidean': 0.016354754684954495, 'l1': 0.03156754825028772, 'manhattan': 0.03156754825028772}","{'cityblock': 0.03156754825028772, 'minkowski': 0.016354754684954426, 'euclidean': 0.016354754684954426, 'l1': 0.03156754825028772, 'manhattan': 0.03156754825028772}"
71,"{'cityblock': 0.03156754825028772, 'minkowski': 0.016354754684954426, 'euclidean': 0.016354754684954426, 'l1': 0.03156754825028772, 'manhattan': 0.03156754825028772}","{'cityblock': 0.03156754825028772, 'minkowski': 0.016354754684954495, 'euclidean': 0.016354754684954495, 'l1': 0.03156754825028772, 'manhattan': 0.03156754825028772}","{'cityblock': 0.03156754825028772, 'minkowski': 0.016354754684954426, 'euclidean': 0.016354754684954426, 'l1': 0.03156754825028772, 'manhattan': 0.03156754825028772}"
72,"{'cityblock': 0.03156754825028772, 'minkowski': 0.016354754684954426, 'euclidean': 0.016354754684954426, 'l1': 0.03156754825028772, 'manhattan': 0.03156754825028772}","{'cityblock': 0.03156754825028772, 'minkowski': 0.016354754684954495, 'euclidean': 0.016354754684954495, 'l1': 0.03156754825028772, 'manhattan': 0.03156754825028772}","{'cityblock': 0.03156754825028772, 'minkowski': 0.016354754684954426, 'euclidean': 0.016354754684954426, 'l1': 0.03156754825028772, 'manhattan': 0.03156754825028772}"
73,"{'cityblock': 0.03156754825028772, 'minkowski': 0.016354754684954426, 'euclidean': 0.016354754684954426, 'l1': 0.03156754825028772, 'manhattan': 0.03156754825028772}","{'cityblock': 0.03156754825028772, 'minkowski': 0.016354754684954495, 'euclidean': 0.016354754684954495, 'l1': 0.03156754825028772, 'manhattan': 0.03156754825028772}","{'cityblock': 0.03156754825028772, 'minkowski': 0.016354754684954426, 'euclidean': 0.016354754684954426, 'l1': 0.03156754825028772, 'manhattan': 0.03156754825028772}"
74,"{'cityblock': 0.03156754825028772, 'minkowski': 0.016354754684954426, 'euclidean': 0.016354754684954426, 'l1': 0.03156754825028772, 'manhattan': 0.03156754825028772}","{'cityblock': 0.03156754825028772, 'minkowski': 0.016354754684954495, 'euclidean': 0.016354754684954495, 'l1': 0.03156754825028772, 'manhattan': 0.03156754825028772}","{'cityblock': 0.03156754825028772, 'minkowski': 0.016354754684954426, 'euclidean': 0.016354754684954426, 'l1': 0.03156754825028772, 'manhattan': 0.03156754825028772}"
75,"{'cityblock': 0.03156754825028772, 'minkowski': 0.016354754684954426, 'euclidean': 0.016354754684954426, 'l1': 0.03156754825028772, 'manhattan': 0.03156754825028772}","{'cityblock': 0.03156754825028772, 'minkowski': 0.016354754684954495, 'euclidean': 0.016354754684954495, 'l1': 0.03156754825028772, 'manhattan': 0.03156754825028772}","{'cityblock': 0.03156754825028772, 'minkowski': 0.016354754684954426, 'euclidean': 0.016354754684954426, 'l1': 0.03156754825028772, 'manhattan': 0.03156754825028772}"
76,"{'cityblock': 0.03156754825028772, 'minkowski': 0.016354754684954426, 'euclidean': 0.016354754684954426, 'l1': 0.03156754825028772, 'manhattan': 0.03156754825028772}","{'cityblock': 0.03156754825028772, 'minkowski': 0.016354754684954495, 'euclidean': 0.016354754684954495, 'l1': 0.03156754825028772, 'manhattan': 0.03156754825028772}","{'cityblock': 0.03156754825028772, 'minkowski': 0.016354754684954426, 'euclidean': 0.016354754684954426, 'l1': 0.03156754825028772, 'manhattan': 0.03156754825028772}"
77,"{'cityblock': 0.03156754825028772, 'minkowski': 0.016354754684954426, 'euclidean': 0.016354754684954426, 'l1': 0.03156754825028772, 'manhattan': 0.03156754825028772}","{'cityblock': 0.03156754825028772, 'minkowski': 0.016354754684954495, 'euclidean': 0.016354754684954495, 'l1': 0.03156754825028772, 'manhattan': 0.03156754825028772}","{'cityblock': 0.03156754825028772, 'minkowski': 0.016354754684954426, 'euclidean': 0.016354754684954426, 'l1': 0.03156754825028772, 'manhattan': 0.03156754825028772}"
78,"{'cityblock': 0.03156754825028772, 'minkowski': 0.016354754684954426, 'euclidean': 0.016354754684954426, 'l1': 0.03156754825028772, 'manhattan': 0.03156754825028772}","{'cityblock': 0.03156754825028772, 'minkowski': 0.016354754684954495, 'euclidean': 0.016354754684954495, 'l1': 0.03156754825028772, 'manhattan': 0.03156754825028772}","{'cityblock': 0.03156754825028772, 'minkowski': 0.016354754684954426, 'euclidean': 0.016354754684954426, 'l1': 0.03156754825028772, 'manhattan': 0.03156754825028772}"
79,"{'cityblock': 0.03156754825028772, 'minkowski': 0.016354754684954426, 'euclidean': 0.016354754684954426, 'l1': 0.03156754825028772, 'manhattan': 0.03156754825028772}","{'cityblock': 0.03156754825028772, 'minkowski': 0.016354754684954495, 'euclidean': 0.016354754684954495, 'l1': 0.03156754825028772, 'manhattan': 0.03156754825028772}","{'cityblock': 0.03156754825028772, 'minkowski': 0.016354754684954426, 'euclidean': 0.016354754684954426, 'l1': 0.03156754825028772, 'manhattan': 0.03156754825028772}"
80,"{'cityblock': 0.03156754825028772, 'minkowski': 0.016354754684954426, 'euclidean': 0.016354754684954426, 'l1': 0.03156754825028772, 'manhattan': 0.03156754825028772}","{'cityblock': 0.03156754825028772, 'minkowski': 0.016354754684954495, 'euclidean': 0.016354754684954495, 'l1': 0.03156754825028772, 'manhattan': 0.03156754825028772}","{'cityblock': 0.03156754825028772, 'minkowski': 0.016354754684954426, 'euclidean': 0.016354754684954426, 'l1': 0.03156754825028772, 'manhattan': 0.03156754825028772}"
81,"{'cityblock': 0.03156754825028772, 'minkowski': 0.016354754684954426, 'euclidean': 0.016354754684954426, 'l1': 0.03156754825028772, 'manhattan': 0.03156754825028772}","{'cityblock': 0.03156754825028772, 'minkowski': 0.016354754684954495, 'euclidean': 0.016354754684954495, 'l1': 0.03156754825028772, 'manhattan': 0.03156754825028772}","{'cityblock': 0.03156754825028772, 'minkowski': 0.016354754684954426, 'euclidean': 0.016354754684954426, 'l1': 0.03156754825028772, 'manhattan': 0.03156754825028772}"
82,"{'cityblock': 0.03156754825028772, 'minkowski': 0.016354754684954426, 'euclidean': 0.016354754684954426, 'l1': 0.03156754825028772, 'manhattan': 0.03156754825028772}","{'cityblock': 0.03156754825028772, 'minkowski': 0.016354754684954495, 'euclidean': 0.016354754684954495, 'l1': 0.03156754825028772, 'manhattan': 0.03156754825028772}","{'cityblock': 0.03156754825028772, 'minkowski': 0.016354754684954426, 'euclidean': 0.016354754684954426, 'l1': 0.03156754825028772, 'manhattan': 0.03156754825028772}"
83,"{'cityblock': 0.03156754825028772, 'minkowski': 0.016354754684954426, 'euclidean': 0.016354754684954426, 'l1': 0.03156754825028772, 'manhattan': 0.03156754825028772}","{'cityblock': 0.03156754825028772, 'minkowski': 0.016354754684954495, 'euclidean': 0.016354754684954495, 'l1': 0.03156754825028772, 'manhattan': 0.03156754825028772}","{'cityblock': 0.03156754825028772, 'minkowski': 0.016354754684954426, 'euclidean': 0.016354754684954426, 'l1': 0.03156754825028772, 'manhattan': 0.03156754825028772}"
84,"{'cityblock': 0.03156754825028772, 'minkowski': 0.016354754684954426, 'euclidean': 0.016354754684954426, 'l1': 0.03156754825028772, 'manhattan': 0.03156754825028772}","{'cityblock': 0.03156754825028772, 'minkowski': 0.016354754684954495, 'euclidean': 0.016354754684954495, 'l1': 0.03156754825028772, 'manhattan': 0.03156754825028772}","{'cityblock': 0.03156754825028772, 'minkowski': 0.016354754684954426, 'euclidean': 0.016354754684954426, 'l1': 0.03156754825028772, 'manhattan': 0.03156754825028772}"
85,"{'cityblock': 0.03156754825028772, 'minkowski': 0.016354754684954426, 'euclidean': 0.016354754684954426, 'l1': 0.03156754825028772, 'manhattan': 0.03156754825028772}","{'cityblock': 0.03156754825028772, 'minkowski': 0.016354754684954495, 'euclidean': 0.016354754684954495, 'l1': 0.03156754825028772, 'manhattan': 0.03156754825028772}","{'cityblock': 0.03156754825028772, 'minkowski': 0.016354754684954426, 'euclidean': 0.016354754684954426, 'l1': 0.03156754825028772, 'manhattan': 0.03156754825028772}"
86,"{'cityblock': 0.03156754825028772, 'minkowski': 0.016354754684954426, 'euclidean': 0.016354754684954426, 'l1': 0.03156754825028772, 'manhattan': 0.03156754825028772}","{'cityblock': 0.03156754825028772, 'minkowski': 0.016354754684954495, 'euclidean': 0.016354754684954495, 'l1': 0.03156754825028772, 'manhattan': 0.03156754825028772}","{'cityblock': 0.03156754825028772, 'minkowski': 0.016354754684954426, 'euclidean': 0.016354754684954426, 'l1': 0.03156754825028772, 'manhattan': 0.03156754825028772}"
87,"{'cityblock': 0.03156754825028772, 'minkowski': 0.016354754684954426, 'euclidean': 0.016354754684954426, 'l1': 0.03156754825028772, 'manhattan': 0.03156754825028772}","{'cityblock': 0.03156754825028772, 'minkowski': 0.016354754684954495, 'euclidean': 0.016354754684954495, 'l1': 0.03156754825028772, 'manhattan': 0.03156754825028772}","{'cityblock': 0.03156754825028772, 'minkowski': 0.016354754684954426, 'euclidean': 0.016354754684954426, 'l1': 0.03156754825028772, 'manhattan': 0.03156754825028772}"
88,"{'cityblock': 0.03156754825028772, 'minkowski': 0.016354754684954426, 'euclidean': 0.016354754684954426, 'l1': 0.03156754825028772, 'manhattan': 0.03156754825028772}","{'cityblock': 0.03156754825028772, 'minkowski': 0.016354754684954495, 'euclidean': 0.016354754684954495, 'l1': 0.03156754825028772, 'manhattan': 0.03156754825028772}","{'cityblock': 0.03156754825028772, 'minkowski': 0.016354754684954426, 'euclidean': 0.016354754684954426, 'l1': 0.03156754825028772, 'manhattan': 0.03156754825028772}"
89,"{'cityblock': 0.03156754825028772, 'minkowski': 0.016354754684954426, 'euclidean': 0.016354754684954426, 'l1': 0.03156754825028772, 'manhattan': 0.03156754825028772}","{'cityblock': 0.03156754825028772, 'minkowski': 0.016354754684954495, 'euclidean': 0.016354754684954495, 'l1': 0.03156754825028772, 'manhattan': 0.03156754825028772}","{'cityblock': 0.03156754825028772, 'minkowski': 0.016354754684954426, 'euclidean': 0.016354754684954426, 'l1': 0.03156754825028772, 'manhattan': 0.03156754825028772}"
90,"{'cityblock': 0.03156754825028772, 'minkowski': 0.016354754684954426, 'euclidean': 0.016354754684954426, 'l1': 0.03156754825028772, 'manhattan': 0.03156754825028772}","{'cityblock': 0.03156754825028772, 'minkowski': 0.016354754684954495, 'euclidean': 0.016354754684954495, 'l1': 0.03156754825028772, 'manhattan': 0.03156754825028772}","{'cityblock': 0.03156754825028772, 'minkowski': 0.016354754684954426, 'euclidean': 0.016354754684954426, 'l1': 0.03156754825028772, 'manhattan': 0.03156754825028772}"
91,"{'cityblock': 0.03156754825028772, 'minkowski': 0.016354754684954426, 'euclidean': 0.016354754684954426, 'l1': 0.03156754825028772, 'manhattan': 0.03156754825028772}","{'cityblock': 0.03156754825028772, 'minkowski': 0.016354754684954495, 'euclidean': 0.016354754684954495, 'l1': 0.03156754825028772, 'manhattan': 0.03156754825028772}","{'cityblock': 0.03156754825028772, 'minkowski': 0.016354754684954426, 'euclidean': 0.016354754684954426, 'l1': 0.03156754825028772, 'manhattan': 0.03156754825028772}"
92,"{'cityblock': 0.03156754825028772, 'minkowski': 0.016354754684954426, 'euclidean': 0.016354754684954426, 'l1': 0.03156754825028772, 'manhattan': 0.03156754825028772}","{'cityblock': 0.03156754825028772, 'minkowski': 0.016354754684954495, 'euclidean': 0.016354754684954495, 'l1': 0.03156754825028772, 'manhattan': 0.03156754825028772}","{'cityblock': 0.03156754825028772, 'minkowski': 0.016354754684954426, 'euclidean': 0.016354754684954426, 'l1': 0.03156754825028772, 'manhattan': 0.03156754825028772}"
93,"{'cityblock': 0.03156754825028772, 'minkowski': 0.016354754684954426, 'euclidean': 0.016354754684954426, 'l1': 0.03156754825028772, 'manhattan': 0.03156754825028772}","{'cityblock': 0.03156754825028772, 'minkowski': 0.016354754684954495, 'euclidean': 0.016354754684954495, 'l1': 0.03156754825028772, 'manhattan': 0.03156754825028772}","{'cityblock': 0.03156754825028772, 'minkowski': 0.016354754684954426, 'euclidean': 0.016354754684954426, 'l1': 0.03156754825028772, 'manhattan': 0.03156754825028772}"
94,"{'cityblock': 0.03156754825028772, 'minkowski': 0.016354754684954426, 'euclidean': 0.016354754684954426, 'l1': 0.03156754825028772, 'manhattan': 0.03156754825028772}","{'cityblock': 0.03156754825028772, 'minkowski': 0.016354754684954495, 'euclidean': 0.016354754684954495, 'l1': 0.03156754825028772, 'manhattan': 0.03156754825028772}","{'cityblock': 0.03156754825028772, 'minkowski': 0.016354754684954426, 'euclidean': 0.016354754684954426, 'l1': 0.03156754825028772, 'manhattan': 0.03156754825028772}"
95,"{'cityblock': 0.03156754825028772, 'minkowski': 0.016354754684954426, 'euclidean': 0.016354754684954426, 'l1': 0.03156754825028772, 'manhattan': 0.03156754825028772}","{'cityblock': 0.03156754825028772, 'minkowski': 0.016354754684954495, 'euclidean': 0.016354754684954495, 'l1': 0.03156754825028772, 'manhattan': 0.03156754825028772}","{'cityblock': 0.03156754825028772, 'minkowski': 0.016354754684954426, 'euclidean': 0.016354754684954426, 'l1': 0.03156754825028772, 'manhattan': 0.03156754825028772}"
96,"{'cityblock': 0.03156754825028772, 'minkowski': 0.016354754684954426, 'euclidean': 0.016354754684954426, 'l1': 0.03156754825028772, 'manhattan': 0.03156754825028772}","{'cityblock': 0.03156754825028772, 'minkowski': 0.016354754684954495, 'euclidean': 0.016354754684954495, 'l1': 0.03156754825028772, 'manhattan': 0.03156754825028772}","{'cityblock': 0.03156754825028772, 'minkowski': 0.016354754684954426, 'euclidean': 0.016354754684954426, 'l1': 0.03156754825028772, 'manhattan': 0.03156754825028772}"
97,"{'cityblock': 0.03156754825028772, 'minkowski': 0.016354754684954426, 'euclidean': 0.016354754684954426, 'l1': 0.03156754825028772, 'manhattan': 0.03156754825028772}","{'cityblock': 0.03156754825028772, 'minkowski': 0.016354754684954495, 'euclidean': 0.016354754684954495, 'l1': 0.03156754825028772, 'manhattan': 0.03156754825028772}","{'cityblock': 0.03156754825028772, 'minkowski': 0.016354754684954426, 'euclidean': 0.016354754684954426, 'l1': 0.03156754825028772, 'manhattan': 0.03156754825028772}"
98,"{'cityblock': 0.03156754825028772, 'minkowski': 0.016354754684954426, 'euclidean': 0.016354754684954426, 'l1': 0.03156754825028772, 'manhattan': 0.03156754825028772}","{'cityblock': 0.03156754825028772, 'minkowski': 0.016354754684954495, 'euclidean': 0.016354754684954495, 'l1': 0.03156754825028772, 'manhattan': 0.03156754825028772}","{'cityblock': 0.03156754825028772, 'minkowski': 0.016354754684954426, 'euclidean': 0.016354754684954426, 'l1': 0.03156754825028772, 'manhattan': 0.03156754825028772}"
99,"{'cityblock': 0.03156754825028772, 'minkowski': 0.016354754684954426, 'euclidean': 0.016354754684954426, 'l1': 0.03156754825028772, 'manhattan': 0.03156754825028772}","{'cityblock': 0.03156754825028772, 'minkowski': 0.016354754684954495, 'euclidean': 0.016354754684954495, 'l1': 0.03156754825028772, 'manhattan': 0.03156754825028772}","{'cityblock': 0.03156754825028772, 'minkowski': 0.016354754684954426, 'euclidean': 0.016354754684954426, 'l1': 0.03156754825028772, 'manhattan': 0.03156754825028772}"
100,"{'cityblock': 0.03156754825028772, 'minkowski': 0.016354754684954426, 'euclidean': 0.016354754684954426, 'l1': 0.03156754825028772, 'manhattan': 0.03156754825028772}","{'cityblock': 0.03156754825028772, 'minkowski': 0.016354754684954495, 'euclidean': 0.016354754684954495, 'l1': 0.03156754825028772, 'manhattan': 0.03156754825028772}","{'cityblock': 0.03156754825028772, 'minkowski': 0.016354754684954426, 'euclidean': 0.016354754684954426, 'l1': 0.03156754825028772, 'manhattan': 0.03156754825028772}"
101,"{'cityblock': 0.03156754825028772, 'minkowski': 0.016354754684954426, 'euclidean': 0.016354754684954426, 'l1': 0.03156754825028772, 'manhattan': 0.03156754825028772}","{'cityblock': 0.03156754825028772, 'minkowski': 0.016354754684954495, 'euclidean': 0.016354754684954495, 'l1': 0.03156754825028772, 'manhattan': 0.03156754825028772}","{'cityblock': 0.03156754825028772, 'minkowski': 0.016354754684954426, 'euclidean': 0.016354754684954426, 'l1': 0.03156754825028772, 'manhattan': 0.03156754825028772}"
102,"{'cityblock': 0.03156754825028772, 'minkowski': 0.016354754684954426, 'euclidean': 0.016354754684954426, 'l1': 0.03156754825028772, 'manhattan': 0.03156754825028772}","{'cityblock': 0.03156754825028772, 'minkowski': 0.016354754684954495, 'euclidean': 0.016354754684954495, 'l1': 0.03156754825028772, 'manhattan': 0.03156754825028772}","{'cityblock': 0.03156754825028772, 'minkowski': 0.016354754684954426, 'euclidean': 0.016354754684954426, 'l1': 0.03156754825028772, 'manhattan': 0.03156754825028772}"
103,"{'cityblock': 0.03156754825028772, 'minkowski': 0.016354754684954426, 'euclidean': 0.016354754684954426, 'l1': 0.03156754825028772, 'manhattan': 0.03156754825028772}","{'cityblock': 0.03156754825028772, 'minkowski': 0.016354754684954495, 'euclidean': 0.016354754684954495, 'l1': 0.03156754825028772, 'manhattan': 0.03156754825028772}","{'cityblock': 0.03156754825028772, 'minkowski': 0.016354754684954426, 'euclidean': 0.016354754684954426, 'l1': 0.03156754825028772, 'manhattan': 0.03156754825028772}"
104,"{'cityblock': 0.03156754825028772, 'minkowski': 0.016354754684954426, 'euclidean': 0.016354754684954426, 'l1': 0.03156754825028772, 'manhattan': 0.03156754825028772}","{'cityblock': 0.03156754825028772, 'minkowski': 0.016354754684954495, 'euclidean': 0.016354754684954495, 'l1': 0.03156754825028772, 'manhattan': 0.03156754825028772}","{'cityblock': 0.03156754825028772, 'minkowski': 0.016354754684954426, 'euclidean': 0.016354754684954426, 'l1': 0.03156754825028772, 'manhattan': 0.03156754825028772}"
105,"{'cityblock': 0.03156754825028772, 'minkowski': 0.016354754684954426, 'euclidean': 0.016354754684954426, 'l1': 0.03156754825028772, 'manhattan': 0.03156754825028772}","{'cityblock': 0.03156754825028772, 'minkowski': 0.016354754684954495, 'euclidean': 0.016354754684954495, 'l1': 0.03156754825028772, 'manhattan': 0.03156754825028772}","{'cityblock': 0.03156754825028772, 'minkowski': 0.016354754684954426, 'euclidean': 0.016354754684954426, 'l1': 0.03156754825028772, 'manhattan': 0.03156754825028772}"
106,"{'cityblock': 0.03156754825028772, 'minkowski': 0.016354754684954426, 'euclidean': 0.016354754684954426, 'l1': 0.03156754825028772, 'manhattan': 0.03156754825028772}","{'cityblock': 0.03156754825028772, 'minkowski': 0.016354754684954495, 'euclidean': 0.016354754684954495, 'l1': 0.03156754825028772, 'manhattan': 0.03156754825028772}","{'cityblock': 0.03156754825028772, 'minkowski': 0.016354754684954426, 'euclidean': 0.016354754684954426, 'l1': 0.03156754825028772, 'manhattan': 0.03156754825028772}"
107,"{'cityblock': 0.03156754825028772, 'minkowski': 0.016354754684954426, 'euclidean': 0.016354754684954426, 'l1': 0.03156754825028772, 'manhattan': 0.03156754825028772}","{'cityblock': 0.03156754825028772, 'minkowski': 0.016354754684954495, 'euclidean': 0.016354754684954495, 'l1': 0.03156754825028772, 'manhattan': 0.03156754825028772}","{'cityblock': 0.03156754825028772, 'minkowski': 0.016354754684954426, 'euclidean': 0.016354754684954426, 'l1': 0.03156754825028772, 'manhattan': 0.03156754825028772}"
108,"{'cityblock': 0.03156754825028772, 'minkowski': 0.016354754684954426, 'euclidean': 0.016354754684954426, 'l1': 0.03156754825028772, 'manhattan': 0.03156754825028772}","{'cityblock': 0.03156754825028772, 'minkowski': 0.016354754684954495, 'euclidean': 0.016354754684954495, 'l1': 0.03156754825028772, 'manhattan': 0.03156754825028772}","{'cityblock': 0.03156754825028772, 'minkowski': 0.016354754684954426, 'euclidean': 0.016354754684954426, 'l1': 0.03156754825028772, 'manhattan': 0.03156754825028772}"
109,"{'cityblock': 0.03156754825028772, 'minkowski': 0.016354754684954426, 'euclidean': 0.016354754684954426, 'l1': 0.03156754825028772, 'manhattan': 0.03156754825028772}","{'cityblock': 0.03156754825028772, 'minkowski': 0.016354754684954495, 'euclidean': 0.016354754684954495, 'l1': 0.03156754825028772, 'manhattan': 0.03156754825028772}","{'cityblock': 0.03156754825028772, 'minkowski': 0.016354754684954426, 'euclidean': 0.016354754684954426, 'l1': 0.03156754825028772, 'manhattan': 0.03156754825028772}"
110,"{'cityblock': 0.03156754825028772, 'minkowski': 0.016354754684954426, 'euclidean': 0.016354754684954426, 'l1': 0.03156754825028772, 'manhattan': 0.03156754825028772}","{'cityblock': 0.03156754825028772, 'minkowski': 0.016354754684954495, 'euclidean': 0.016354754684954495, 'l1': 0.03156754825028772, 'manhattan': 0.03156754825028772}","{'cityblock': 0.03156754825028772, 'minkowski': 0.016354754684954426, 'euclidean': 0.016354754684954426, 'l1': 0.03156754825028772, 'manhattan': 0.03156754825028772}"
111,"{'cityblock': 0.03156754825028772, 'minkowski': 0.016354754684954426, 'euclidean': 0.016354754684954426, 'l1': 0.03156754825028772, 'manhattan': 0.03156754825028772}","{'cityblock': 0.03156754825028772, 'minkowski': 0.016354754684954495, 'euclidean': 0.016354754684954495, 'l1': 0.03156754825028772, 'manhattan': 0.03156754825028772}","{'cityblock': 0.03156754825028772, 'minkowski': 0.016354754684954426, 'euclidean': 0.016354754684954426, 'l1': 0.03156754825028772, 'manhattan': 0.03156754825028772}"
112,"{'cityblock': 0.03156754825028772, 'minkowski': 0.016354754684954426, 'euclidean': 0.016354754684954426, 'l1': 0.03156754825028772, 'manhattan': 0.03156754825028772}","{'cityblock': 0.03156754825028772, 'minkowski': 0.016354754684954495, 'euclidean': 0.016354754684954495, 'l1': 0.03156754825028772, 'manhattan': 0.03156754825028772}","{'cityblock': 0.03156754825028772, 'minkowski': 0.016354754684954426, 'euclidean': 0.016354754684954426, 'l1': 0.03156754825028772, 'manhattan': 0.03156754825028772}"
113,"{'cityblock': 0.03156754825028772, 'minkowski': 0.016354754684954426, 'euclidean': 0.016354754684954426, 'l1': 0.03156754825028772, 'manhattan': 0.03156754825028772}","{'cityblock': 0.03156754825028772, 'minkowski': 0.016354754684954495, 'euclidean': 0.016354754684954495, 'l1': 0.03156754825028772, 'manhattan': 0.03156754825028772}","{'cityblock': 0.03156754825028772, 'minkowski': 0.016354754684954426, 'euclidean': 0.016354754684954426, 'l1': 0.03156754825028772, 'manhattan': 0.03156754825028772}"
114,"{'cityblock': 0.03156754825028772, 'minkowski': 0.016354754684954426, 'euclidean': 0.016354754684954426, 'l1': 0.03156754825028772, 'manhattan': 0.03156754825028772}","{'cityblock': 0.03156754825028772, 'minkowski': 0.016354754684954495, 'euclidean': 0.016354754684954495, 'l1': 0.03156754825028772, 'manhattan': 0.03156754825028772}","{'cityblock': 0.03156754825028772, 'minkowski': 0.016354754684954426, 'euclidean': 0.016354754684954426, 'l1': 0.03156754825028772, 'manhattan': 0.03156754825028772}"
115,"{'cityblock': 0.03156754825028772, 'minkowski': 0.016354754684954426, 'euclidean': 0.016354754684954426, 'l1': 0.03156754825028772, 'manhattan': 0.03156754825028772}","{'cityblock': 0.03156754825028772, 'minkowski': 0.016354754684954495, 'euclidean': 0.016354754684954495, 'l1': 0.03156754825028772, 'manhattan': 0.03156754825028772}","{'cityblock': 0.03156754825028772, 'minkowski': 0.016354754684954426, 'euclidean': 0.016354754684954426, 'l1': 0.03156754825028772, 'manhattan': 0.03156754825028772}"
116,"{'cityblock': 0.03156754825028772, 'minkowski': 0.016354754684954426, 'euclidean': 0.016354754684954426, 'l1': 0.03156754825028772, 'manhattan': 0.03156754825028772}","{'cityblock': 0.03156754825028772, 'minkowski': 0.016354754684954495, 'euclidean': 0.016354754684954495, 'l1': 0.03156754825028772, 'manhattan': 0.03156754825028772}","{'cityblock': 0.03156754825028772, 'minkowski': 0.016354754684954426, 'euclidean': 0.016354754684954426, 'l1': 0.03156754825028772, 'manhattan': 0.03156754825028772}"
117,"{'cityblock': 0.03156754825028772, 'minkowski': 0.016354754684954426, 'euclidean': 0.016354754684954426, 'l1': 0.03156754825028772, 'manhattan': 0.03156754825028772}","{'cityblock': 0.03156754825028772, 'minkowski': 0.016354754684954495, 'euclidean': 0.016354754684954495, 'l1': 0.03156754825028772, 'manhattan': 0.03156754825028772}","{'cityblock': 0.03156754825028772, 'minkowski': 0.016354754684954426, 'euclidean': 0.016354754684954426, 'l1': 0.03156754825028772, 'manhattan': 0.03156754825028772}"
118,"{'cityblock': 0.03156754825028772, 'minkowski': 0.016354754684954426, 'euclidean': 0.016354754684954426, 'l1': 0.03156754825028772, 'manhattan': 0.03156754825028772}","{'cityblock': 0.03156754825028772, 'minkowski': 0.016354754684954495, 'euclidean': 0.016354754684954495, 'l1': 0.03156754825028772, 'manhattan': 0.03156754825028772}","{'cityblock': 0.03156754825028772, 'minkowski': 0.016354754684954426, 'euclidean': 0.016354754684954426, 'l1': 0.03156754825028772, 'manhattan': 0.03156754825028772}"
119,"{'cityblock': 0.03156754825028772, 'minkowski': 0.016354754684954426, 'euclidean': 0.016354754684954426, 'l1': 0.03156754825028772, 'manhattan': 0.03156754825028772}","{'cityblock': 0.03156754825028772, 'minkowski': 0.016354754684954495, 'euclidean': 0.016354754684954495, 'l1': 0.03156754825028772, 'manhattan': 0.03156754825028772}","{'cityblock': 0.03156754825028772, 'minkowski': 0.016354754684954426, 'euclidean': 0.016354754684954426, 'l1': 0.03156754825028772, 'manhattan': 0.03156754825028772}"
120,"{'cityblock': 0.03156754825028772, 'minkowski': 0.016354754684954426, 'euclidean': 0.016354754684954426, 'l1': 0.03156754825028772, 'manhattan': 0.03156754825028772}","{'cityblock': 0.03156754825028772, 'minkowski': 0.016354754684954495, 'euclidean': 0.016354754684954495, 'l1': 0.03156754825028772, 'manhattan': 0.03156754825028772}","{'cityblock': 0.03156754825028772, 'minkowski': 0.016354754684954426, 'euclidean': 0.016354754684954426, 'l1': 0.03156754825028772, 'manhattan': 0.03156754825028772}"
121,"{'cityblock': 0.03156754825028772, 'minkowski': 0.016354754684954426, 'euclidean': 0.016354754684954426, 'l1': 0.03156754825028772, 'manhattan': 0.03156754825028772}","{'cityblock': 0.03156754825028772, 'minkowski': 0.016354754684954495, 'euclidean': 0.016354754684954495, 'l1': 0.03156754825028772, 'manhattan': 0.03156754825028772}","{'cityblock': 0.03156754825028772, 'minkowski': 0.016354754684954426, 'euclidean': 0.016354754684954426, 'l1': 0.03156754825028772, 'manhattan': 0.03156754825028772}"
122,"{'cityblock': 0.03156754825028772, 'minkowski': 0.016354754684954426, 'euclidean': 0.016354754684954426, 'l1': 0.03156754825028772, 'manhattan': 0.03156754825028772}","{'cityblock': 0.03156754825028772, 'minkowski': 0.016354754684954495, 'euclidean': 0.016354754684954495, 'l1': 0.03156754825028772, 'manhattan': 0.03156754825028772}","{'cityblock': 0.03156754825028772, 'minkowski': 0.016354754684954426, 'euclidean': 0.016354754684954426, 'l1': 0.03156754825028772, 'manhattan': 0.03156754825028772}"
123,"{'cityblock': 0.03156754825028772, 'minkowski': 0.016354754684954426, 'euclidean': 0.016354754684954426, 'l1': 0.03156754825028772, 'manhattan': 0.03156754825028772}","{'cityblock': 0.03156754825028772, 'minkowski': 0.016354754684954495, 'euclidean': 0.016354754684954495, 'l1': 0.03156754825028772, 'manhattan': 0.03156754825028772}","{'cityblock': 0.03156754825028772, 'minkowski': 0.016354754684954426, 'euclidean': 0.016354754684954426, 'l1': 0.03156754825028772, 'manhattan': 0.03156754825028772}"
124,"{'cityblock': 0.03156754825028772, 'minkowski': 0.016354754684954426, 'euclidean': 0.016354754684954426, 'l1': 0.03156754825028772, 'manhattan': 0.03156754825028772}","{'cityblock': 0.03156754825028772, 'minkowski': 0.016354754684954495, 'euclidean': 0.016354754684954495, 'l1': 0.03156754825028772, 'manhattan': 0.03156754825028772}","{'cityblock': 0.03156754825028772, 'minkowski': 0.016354754684954426, 'euclidean': 0.016354754684954426, 'l1': 0.03156754825028772, 'manhattan': 0.03156754825028772}"
125,"{'cityblock': 0.03156754825028772, 'minkowski': 0.016354754684954426, 'euclidean': 0.016354754684954426, 'l1': 0.03156754825028772, 'manhattan': 0.03156754825028772}","{'cityblock': 0.03156754825028772, 'minkowski': 0.016354754684954495, 'euclidean': 0.016354754684954495, 'l1': 0.03156754825028772, 'manhattan': 0.03156754825028772}","{'cityblock': 0.03156754825028772, 'minkowski': 0.016354754684954426, 'euclidean': 0.016354754684954426, 'l1': 0.03156754825028772, 'manhattan': 0.03156754825028772}"
126,"{'cityblock': 0.03156754825028772, 'minkowski': 0.016354754684954426, 'euclidean': 0.016354754684954426, 'l1': 0.03156754825028772, 'manhattan': 0.03156754825028772}","{'cityblock': 0.03156754825028772, 'minkowski': 0.016354754684954495, 'euclidean': 0.016354754684954495, 'l1': 0.03156754825028772, 'manhattan': 0.03156754825028772}","{'cityblock': 0.03156754825028772, 'minkowski': 0.016354754684954426, 'euclidean': 0.016354754684954426, 'l1': 0.03156754825028772, 'manhattan': 0.03156754825028772}"
127,"{'cityblock': 0.03156754825028772, 'minkowski': 0.016354754684954426, 'euclidean': 0.016354754684954426, 'l1': 0.03156754825028772, 'manhattan': 0.03156754825028772}","{'cityblock': 0.03156754825028772, 'minkowski': 0.016354754684954495, 'euclidean': 0.016354754684954495, 'l1': 0.03156754825028772, 'manhattan': 0.03156754825028772}","{'cityblock': 0.03156754825028772, 'minkowski': 0.016354754684954426, 'euclidean': 0.016354754684954426, 'l1': 0.03156754825028772, 'manhattan': 0.03156754825028772}"
128,"{'cityblock': 0.03156754825028772, 'minkowski': 0.016354754684954426, 'euclidean': 0.016354754684954426, 'l1': 0.03156754825028772, 'manhattan': 0.03156754825028772}","{'cityblock': 0.03156754825028772, 'minkowski': 0.016354754684954495, 'euclidean': 0.016354754684954495, 'l1': 0.03156754825028772, 'manhattan': 0.03156754825028772}","{'cityblock': 0.03156754825028772, 'minkowski': 0.016354754684954426, 'euclidean': 0.016354754684954426, 'l1': 0.03156754825028772, 'manhattan': 0.03156754825028772}"
129,"{'cityblock': 0.03156754825028772, 'minkowski': 0.016354754684954426, 'euclidean': 0.016354754684954426, 'l1': 0.03156754825028772, 'manhattan': 0.03156754825028772}","{'cityblock': 0.03156754825028772, 'minkowski': 0.016354754684954495, 'euclidean': 0.016354754684954495, 'l1': 0.03156754825028772, 'manhattan': 0.03156754825028772}","{'cityblock': 0.03156754825028772, 'minkowski': 0.016354754684954426, 'euclidean': 0.016354754684954426, 'l1': 0.03156754825028772, 'manhattan': 0.03156754825028772}"
130,"{'cityblock': 0.03156754825028772, 'minkowski': 0.016354754684954426, 'euclidean': 0.016354754684954426, 'l1': 0.03156754825028772, 'manhattan': 0.03156754825028772}","{'cityblock': 0.03156754825028772, 'minkowski': 0.016354754684954495, 'euclidean': 0.016354754684954495, 'l1': 0.03156754825028772, 'manhattan': 0.03156754825028772}","{'cityblock': 0.03156754825028772, 'minkowski': 0.016354754684954426, 'euclidean': 0.016354754684954426, 'l1': 0.03156754825028772, 'manhattan': 0.03156754825028772}"
131,"{'cityblock': 0.03156754825028772, 'minkowski': 0.016354754684954426, 'euclidean': 0.016354754684954426, 'l1': 0.03156754825028772, 'manhattan': 0.03156754825028772}","{'cityblock': 0.03156754825028772, 'minkowski': 0.016354754684954495, 'euclidean': 0.016354754684954495, 'l1': 0.03156754825028772, 'manhattan': 0.03156754825028772}","{'cityblock': 0.03156754825028772, 'minkowski': 0.016354754684954426, 'euclidean': 0.016354754684954426, 'l1': 0.03156754825028772, 'manhattan': 0.03156754825028772}"
132,"{'cityblock': 0.03156754825028772, 'minkowski': 0.016354754684954426, 'euclidean': 0.016354754684954426, 'l1': 0.03156754825028772, 'manhattan': 0.03156754825028772}","{'cityblock': 0.03156754825028772, 'minkowski': 0.016354754684954495, 'euclidean': 0.016354754684954495, 'l1': 0.03156754825028772, 'manhattan': 0.03156754825028772}","{'cityblock': 0.03156754825028772, 'minkowski': 0.016354754684954426, 'euclidean': 0.016354754684954426, 'l1': 0.03156754825028772, 'manhattan': 0.03156754825028772}"
133,"{'cityblock': 0.03156754825028772, 'minkowski': 0.016354754684954426, 'euclidean': 0.016354754684954426, 'l1': 0.03156754825028772, 'manhattan': 0.03156754825028772}","{'cityblock': 0.03156754825028772, 'minkowski': 0.016354754684954495, 'euclidean': 0.016354754684954495, 'l1': 0.03156754825028772, 'manhattan': 0.03156754825028772}","{'cityblock': 0.03156754825028772, 'minkowski': 0.016354754684954426, 'euclidean': 0.016354754684954426, 'l1': 0.03156754825028772, 'manhattan': 0.03156754825028772}"
134,"{'cityblock': 0.03156754825028772, 'minkowski': 0.016354754684954426, 'euclidean': 0.016354754684954426, 'l1': 0.03156754825028772, 'manhattan': 0.03156754825028772}","{'cityblock': 0.03156754825028772, 'minkowski': 0.016354754684954495, 'euclidean': 0.016354754684954495, 'l1': 0.03156754825028772, 'manhattan': 0.03156754825028772}","{'cityblock': 0.03156754825028772, 'minkowski': 0.016354754684954426, 'euclidean': 0.016354754684954426, 'l1': 0.03156754825028772, 'manhattan': 0.03156754825028772}"
135,"{'cityblock': 0.03156754825028772, 'minkowski': 0.016354754684954426, 'euclidean': 0.016354754684954426, 'l1': 0.03156754825028772, 'manhattan': 0.03156754825028772}","{'cityblock': 0.03156754825028772, 'minkowski': 0.016354754684954495, 'euclidean': 0.016354754684954495, 'l1': 0.03156754825028772, 'manhattan': 0.03156754825028772}","{'cityblock': 0.03156754825028772, 'minkowski': 0.016354754684954426, 'euclidean': 0.016354754684954426, 'l1': 0.03156754825028772, 'manhattan': 0.03156754825028772}"
136,"{'cityblock': 0.03156754825028772, 'minkowski': 0.016354754684954426, 'euclidean': 0.016354754684954426, 'l1': 0.03156754825028772, 'manhattan': 0.03156754825028772}","{'cityblock': 0.03156754825028772, 'minkowski': 0.016354754684954495, 'euclidean': 0.016354754684954495, 'l1': 0.03156754825028772, 'manhattan': 0.03156754825028772}","{'cityblock': 0.03156754825028772, 'minkowski': 0.016354754684954426, 'euclidean': 0.016354754684954426, 'l1': 0.03156754825028772, 'manhattan': 0.03156754825028772}"
137,"{'cityblock': 0.03156754825028772, 'minkowski': 0.016354754684954426, 'euclidean': 0.016354754684954426, 'l1': 0.03156754825028772, 'manhattan': 0.03156754825028772}","{'cityblock': 0.03156754825028772, 'minkowski': 0.016354754684954495, 'euclidean': 0.016354754684954495, 'l1': 0.03156754825028772, 'manhattan': 0.03156754825028772}","{'cityblock': 0.03156754825028772, 'minkowski': 0.016354754684954426, 'euclidean': 0.016354754684954426, 'l1': 0.03156754825028772, 'manhattan': 0.03156754825028772}"
138,"{'cityblock': 0.03156754825028772, 'minkowski': 0.016354754684954426, 'euclidean': 0.016354754684954426, 'l1': 0.03156754825028772, 'manhattan': 0.03156754825028772}","{'cityblock': 0.03156754825028772, 'minkowski': 0.016354754684954495, 'euclidean': 0.016354754684954495, 'l1': 0.03156754825028772, 'manhattan': 0.03156754825028772}","{'cityblock': 0.03156754825028772, 'minkowski': 0.016354754684954426, 'euclidean': 0.016354754684954426, 'l1': 0.03156754825028772, 'manhattan': 0.03156754825028772}"
139,"{'cityblock': 0.03156754825028772, 'minkowski': 0.016354754684954426, 'euclidean': 0.016354754684954426, 'l1': 0.03156754825028772, 'manhattan': 0.03156754825028772}","{'cityblock': 0.03156754825028772, 'minkowski': 0.016354754684954495, 'euclidean': 0.016354754684954495, 'l1': 0.03156754825028772, 'manhattan': 0.03156754825028772}","{'cityblock': 0.03156754825028772, 'minkowski': 0.016354754684954426, 'euclidean': 0.016354754684954426, 'l1': 0.03156754825028772, 'manhattan': 0.03156754825028772}"
140,"{'cityblock': 0.03156754825028772, 'minkowski': 0.016354754684954426, 'euclidean': 0.016354754684954426, 'l1': 0.03156754825028772, 'manhattan': 0.03156754825028772}","{'cityblock': 0.03156754825028772, 'minkowski': 0.016354754684954495, 'euclidean': 0.016354754684954495, 'l1': 0.03156754825028772, 'manhattan': 0.03156754825028772}","{'cityblock': 0.03156754825028772, 'minkowski': 0.016354754684954426, 'euclidean': 0.016354754684954426, 'l1': 0.03156754825028772, 'manhattan': 0.03156754825028772}"
141,"{'cityblock': 0.03156754825028772, 'minkowski': 0.016354754684954426, 'euclidean': 0.016354754684954426, 'l1': 0.03156754825028772, 'manhattan': 0.03156754825028772}","{'cityblock': 0.03156754825028772, 'minkowski': 0.016354754684954495, 'euclidean': 0.016354754684954495, 'l1': 0.03156754825028772, 'manhattan': 0.03156754825028772}","{'cityblock': 0.03156754825028772, 'minkowski': 0.016354754684954426, 'euclidean': 0.016354754684954426, 'l1': 0.03156754825028772, 'manhattan': 0.03156754825028772}"
142,"{'cityblock': 0.03156754825028772, 'minkowski': 0.016354754684954426, 'euclidean': 0.016354754684954426, 'l1': 0.03156754825028772, 'manhattan': 0.03156754825028772}","{'cityblock': 0.03156754825028772, 'minkowski': 0.016354754684954495, 'euclidean': 0.016354754684954495, 'l1': 0.03156754825028772, 'manhattan': 0.03156754825028772}","{'cityblock': 0.03156754825028772, 'minkowski': 0.016354754684954426, 'euclidean': 0.016354754684954426, 'l1': 0.03156754825028772, 'manhattan': 0.03156754825028772}"
143,"{'cityblock': 0.03156754825028772, 'minkowski': 0.016354754684954426, 'euclidean': 0.016354754684954426, 'l1': 0.03156754825028772, 'manhattan': 0.03156754825028772}","{'cityblock': 0.03156754825028772, 'minkowski': 0.016354754684954495, 'euclidean': 0.016354754684954495, 'l1': 0.03156754825028772, 'manhattan': 0.03156754825028772}","{'cityblock': 0.03156754825028772, 'minkowski': 0.016354754684954426, 'euclidean': 0.016354754684954426, 'l1': 0.03156754825028772, 'manhattan': 0.03156754825028772}"
144,"{'cityblock': 0.03156754825028772, 'minkowski': 0.016354754684954426, 'euclidean': 0.016354754684954426, 'l1': 0.03156754825028772, 'manhattan': 0.03156754825028772}","{'cityblock': 0.03156754825028772, 'minkowski': 0.016354754684954495, 'euclidean': 0.016354754684954495, 'l1': 0.03156754825028772, 'manhattan': 0.03156754825028772}","{'cityblock': 0.03156754825028772, 'minkowski': 0.016354754684954426, 'euclidean': 0.016354754684954426, 'l1': 0.03156754825028772, 'manhattan': 0.03156754825028772}"
145,"{'cityblock': 0.03156754825028772, 'minkowski': 0.016354754684954426, 'euclidean': 0.016354754684954426, 'l1': 0.03156754825028772, 'manhattan': 0.03156754825028772}","{'cityblock': 0.03156754825028772, 'minkowski': 0.016354754684954495, 'euclidean': 0.016354754684954495, 'l1': 0.03156754825028772, 'manhattan': 0.03156754825028772}","{'cityblock': 0.03156754825028772, 'minkowski': 0.016354754684954426, 'euclidean': 0.016354754684954426, 'l1': 0.03156754825028772, 'manhattan': 0.03156754825028772}"
146,"{'cityblock': 0.03156754825028772, 'minkowski': 0.016354754684954426, 'euclidean': 0.016354754684954426, 'l1': 0.03156754825028772, 'manhattan': 0.03156754825028772}","{'cityblock': 0.03156754825028772, 'minkowski': 0.016354754684954495, 'euclidean': 0.016354754684954495, 'l1': 0.03156754825028772, 'manhattan': 0.03156754825028772}","{'cityblock': 0.03156754825028772, 'minkowski': 0.016354754684954426, 'euclidean': 0.016354754684954426, 'l1': 0.03156754825028772, 'manhattan': 0.03156754825028772}"
147,"{'cityblock': 0.03156754825028772, 'minkowski': 0.016354754684954426, 'euclidean': 0.016354754684954426, 'l1': 0.03156754825028772, 'manhattan': 0.03156754825028772}","{'cityblock': 0.03156754825028772, 'minkowski': 0.016354754684954495, 'euclidean': 0.016354754684954495, 'l1': 0.03156754825028772, 'manhattan': 0.03156754825028772}","{'cityblock': 0.03156754825028772, 'minkowski': 0.016354754684954426, 'euclidean': 0.016354754684954426, 'l1': 0.03156754825028772, 'manhattan': 0.03156754825028772}"
148,"{'cityblock': 0.03156754825028772, 'minkowski': 0.016354754684954426, 'euclidean': 0.016354754684954426, 'l1': 0.03156754825028772, 'manhattan': 0.03156754825028772}","{'cityblock': 0.03156754825028772, 'minkowski': 0.016354754684954495, 'euclidean': 0.016354754684954495, 'l1': 0.03156754825028772, 'manhattan': 0.03156754825028772}","{'cityblock': 0.03156754825028772, 'minkowski': 0.016354754684954426, 'euclidean': 0.016354754684954426, 'l1': 0.03156754825028772, 'manhattan': 0.03156754825028772}"
149,"{'cityblock': 0.03156754825028772, 'minkowski': 0.016354754684954426, 'euclidean': 0.016354754684954426, 'l1': 0.03156754825028772, 'manhattan': 0.03156754825028772}","{'cityblock': 0.03156754825028772, 'minkowski': 0.016354754684954495, 'euclidean': 0.016354754684954495, 'l1': 0.03156754825028772, 'manhattan': 0.03156754825028772}","{'cityblock': 0.03156754825028772, 'minkowski': 0.016354754684954426, 'euclidean': 0.016354754684954426, 'l1': 0.03156754825028772, 'manhattan': 0.03156754825028772}"
150,"{'cityblock': 0.03156754825028772, 'minkowski': 0.016354754684954426, 'euclidean': 0.016354754684954426, 'l1': 0.03156754825028772, 'manhattan': 0.03156754825028772}","{'cityblock': 0.03156754825028772, 'minkowski': 0.016354754684954495, 'euclidean': 0.016354754684954495, 'l1': 0.03156754825028772, 'manhattan': 0.03156754825028772}","{'cityblock': 0.03156754825028772, 'minkowski': 0.016354754684954426, 'euclidean': 0.016354754684954426, 'l1': 0.03156754825028772, 'manhattan': 0.03156754825028772}"
151,"{'cityblock': 0.03156754825028772, 'minkowski': 0.016354754684954426, 'euclidean': 0.016354754684954426, 'l1': 0.03156754825028772, 'manhattan': 0.03156754825028772}","{'cityblock': 0.03156754825028772, 'minkowski': 0.016354754684954495, 'euclidean': 0.016354754684954495, 'l1': 0.03156754825028772, 'manhattan': 0.03156754825028772}","{'cityblock': 0.03156754825028772, 'minkowski': 0.016354754684954426, 'euclidean': 0.016354754684954426, 'l1': 0.03156754825028772, 'manhattan': 0.03156754825028772}"
152,"{'cityblock': 0.03156754825028772, 'minkowski': 0.016354754684954426, 'euclidean': 0.016354754684954426, 'l1': 0.03156754825028772, 'manhattan': 0.03156754825028772}","{'cityblock': 0.03156754825028772, 'minkowski': 0.016354754684954495, 'euclidean': 0.016354754684954495, 'l1': 0.03156754825028772, 'manhattan': 0.03156754825028772}","{'cityblock': 0.03156754825028772, 'minkowski': 0.016354754684954426, 'euclidean': 0.016354754684954426, 'l1': 0.03156754825028772, 'manhattan': 0.03156754825028772}"
153,"{'cityblock': 0.03156754825028772, 'minkowski': 0.016354754684954426, 'euclidean': 0.016354754684954426, 'l1': 0.03156754825028772, 'manhattan': 0.03156754825028772}","{'cityblock': 0.03156754825028772, 'minkowski': 0.016354754684954495, 'euclidean': 0.016354754684954495, 'l1': 0.03156754825028772, 'manhattan': 0.03156754825028772}","{'cityblock': 0.03156754825028772, 'minkowski': 0.016354754684954426, 'euclidean': 0.016354754684954426, 'l1': 0.03156754825028772, 'manhattan': 0.03156754825028772}"
154,"{'cityblock': 0.03156754825028772, 'minkowski': 0.016354754684954426, 'euclidean': 0.016354754684954426, 'l1': 0.03156754825028772, 'manhattan': 0.03156754825028772}","{'cityblock': 0.03156754825028772, 'minkowski': 0.016354754684954495, 'euclidean': 0.016354754684954495, 'l1': 0.03156754825028772, 'manhattan': 0.03156754825028772}","{'cityblock': 0.03156754825028772, 'minkowski': 0.016354754684954426, 'euclidean': 0.016354754684954426, 'l1': 0.03156754825028772, 'manhattan': 0.03156754825028772}"
155,"{'cityblock': 0.03156754825028772, 'minkowski': 0.016354754684954426, 'euclidean': 0.016354754684954426, 'l1': 0.03156754825028772, 'manhattan': 0.03156754825028772}","{'cityblock': 0.03156754825028772, 'minkowski': 0.016354754684954495, 'euclidean': 0.016354754684954495, 'l1': 0.03156754825028772, 'manhattan': 0.03156754825028772}","{'cityblock': 0.03156754825028772, 'minkowski': 0.016354754684954426, 'euclidean': 0.016354754684954426, 'l1': 0.03156754825028772, 'manhattan': 0.03156754825028772}"
156,"{'cityblock': 0.03156754825028772, 'minkowski': 0.016354754684954426, 'euclidean': 0.016354754684954426, 'l1': 0.03156754825028772, 'manhattan': 0.03156754825028772}","{'cityblock': 0.03156754825028772, 'minkowski': 0.016354754684954495, 'euclidean': 0.016354754684954495, 'l1': 0.03156754825028772, 'manhattan': 0.03156754825028772}","{'cityblock': 0.03156754825028772, 'minkowski': 0.016354754684954426, 'euclidean': 0.016354754684954426, 'l1': 0.03156754825028772, 'manhattan': 0.03156754825028772}"
157,"{'cityblock': 0.03156754825028772, 'minkowski': 0.016354754684954426, 'euclidean': 0.016354754684954426, 'l1': 0.03156754825028772, 'manhattan': 0.03156754825028772}","{'cityblock': 0.03156754825028772, 'minkowski': 0.016354754684954495, 'euclidean': 0.016354754684954495, 'l1': 0.03156754825028772, 'manhattan': 0.03156754825028772}","{'cityblock': 0.03156754825028772, 'minkowski': 0.016354754684954426, 'euclidean': 0.016354754684954426, 'l1': 0.03156754825028772, 'manhattan': 0.03156754825028772}"
158,"{'cityblock': 0.03156754825028772, 'minkowski': 0.016354754684954426, 'euclidean': 0.016354754684954426, 'l1': 0.03156754825028772, 'manhattan': 0.03156754825028772}","{'cityblock': 0.03156754825028772, 'minkowski': 0.016354754684954495, 'euclidean': 0.016354754684954495, 'l1': 0.03156754825028772, 'manhattan': 0.03156754825028772}","{'cityblock': 0.03156754825028772, 'minkowski': 0.016354754684954426, 'euclidean': 0.016354754684954426, 'l1': 0.03156754825028772, 'manhattan': 0.03156754825028772}"
159,"{'cityblock': 0.03156754825028772, 'minkowski': 0.016354754684954426, 'euclidean': 0.016354754684954426, 'l1': 0.03156754825028772, 'manhattan': 0.03156754825028772}","{'cityblock': 0.03156754825028772, 'minkowski': 0.016354754684954495, 'euclidean': 0.016354754684954495, 'l1': 0.03156754825028772, 'manhattan': 0.03156754825028772}","{'cityblock': 0.03156754825028772, 'minkowski': 0.016354754684954426, 'euclidean': 0.016354754684954426, 'l1': 0.03156754825028772, 'manhattan': 0.03156754825028772}"
160,"{'cityblock': 0.03156754825028772, 'minkowski': 0.016354754684954426, 'euclidean': 0.016354754684954426, 'l1': 0.03156754825028772, 'manhattan': 0.03156754825028772}","{'cityblock': 0.03156754825028772, 'minkowski': 0.016354754684954495, 'euclidean': 0.016354754684954495, 'l1': 0.03156754825028772, 'manhattan': 0.03156754825028772}","{'cityblock': 0.03156754825028772, 'minkowski': 0.016354754684954426, 'euclidean': 0.016354754684954426, 'l1': 0.03156754825028772, 'manhattan': 0.03156754825028772}"
161,"{'cityblock': 0.03156754825028772, 'minkowski': 0.016354754684954426, 'euclidean': 0.016354754684954426, 'l1': 0.03156754825028772, 'manhattan': 0.03156754825028772}","{'cityblock': 0.03156754825028772, 'minkowski': 0.016354754684954495, 'euclidean': 0.016354754684954495, 'l1': 0.03156754825028772, 'manhattan': 0.03156754825028772}","{'cityblock': 0.03156754825028772, 'minkowski': 0.016354754684954426, 'euclidean': 0.016354754684954426, 'l1': 0.03156754825028772, 'manhattan': 0.03156754825028772}"
162,"{'cityblock': 0.03156754825028772, 'minkowski': 0.016354754684954426, 'euclidean': 0.016354754684954426, 'l1': 0.03156754825028772, 'manhattan': 0.03156754825028772}","{'cityblock': 0.03156754825028772, 'minkowski': 0.016354754684954495, 'euclidean': 0.016354754684954495, 'l1': 0.03156754825028772, 'manhattan': 0.03156754825028772}","{'cityblock': 0.03156754825028772, 'minkowski': 0.016354754684954426, 'euclidean': 0.016354754684954426, 'l1': 0.03156754825028772, 'manhattan': 0.03156754825028772}"
163,"{'cityblock': 0.03156754825028772, 'minkowski': 0.016354754684954426, 'euclidean': 0.016354754684954426, 'l1': 0.03156754825028772, 'manhattan': 0.03156754825028772}","{'cityblock': 0.03156754825028772, 'minkowski': 0.016354754684954495, 'euclidean': 0.016354754684954495, 'l1': 0.03156754825028772, 'manhattan': 0.03156754825028772}","{'cityblock': 0.03156754825028772, 'minkowski': 0.016354754684954426, 'euclidean': 0.016354754684954426, 'l1': 0.03156754825028772, 'manhattan': 0.03156754825028772}"
164,"{'cityblock': 0.03156754825028772, 'minkowski': 0.016354754684954426, 'euclidean': 0.016354754684954426, 'l1': 0.03156754825028772, 'manhattan': 0.03156754825028772}","{'cityblock': 0.03156754825028772, 'minkowski': 0.016354754684954495, 'euclidean': 0.016354754684954495, 'l1': 0.03156754825028772, 'manhattan': 0.03156754825028772}","{'cityblock': 0.03156754825028772, 'minkowski': 0.016354754684954426, 'euclidean': 0.016354754684954426, 'l1': 0.03156754825028772, 'manhattan': 0.03156754825028772}"
165,"{'cityblock': 0.03156754825028772, 'minkowski': 0.016354754684954426, 'euclidean': 0.016354754684954426, 'l1': 0.03156754825028772, 'manhattan': 0.03156754825028772}","{'cityblock': 0.03156754825028772, 'minkowski': 0.016354754684954495, 'euclidean': 0.016354754684954495, 'l1': 0.03156754825028772, 'manhattan': 0.03156754825028772}","{'cityblock': 0.03156754825028772, 'minkowski': 0.016354754684954426, 'euclidean': 0.016354754684954426, 'l1': 0.03156754825028772, 'manhattan': 0.03156754825028772}"
166,"{'cityblock': 0.03156754825028772, 'minkowski': 0.016354754684954426, 'euclidean': 0.016354754684954426, 'l1': 0.03156754825028772, 'manhattan': 0.03156754825028772}","{'cityblock': 0.03156754825028772, 'minkowski': 0.016354754684954495, 'euclidean': 0.016354754684954495, 'l1': 0.03156754825028772, 'manhattan': 0.03156754825028772}","{'cityblock': 0.03156754825028772, 'minkowski': 0.016354754684954426, 'euclidean': 0.016354754684954426, 'l1': 0.03156754825028772, 'manhattan': 0.03156754825028772}"
167,"{'cityblock': 0.03156754825028772, 'minkowski': 0.016354754684954426, 'euclidean': 0.016354754684954426, 'l1': 0.03156754825028772, 'manhattan': 0.03156754825028772}","{'cityblock': 0.03156754825028772, 'minkowski': 0.016354754684954495, 'euclidean': 0.016354754684954495, 'l1': 0.03156754825028772, 'manhattan': 0.03156754825028772}","{'cityblock': 0.03156754825028772, 'minkowski': 0.016354754684954426, 'euclidean': 0.016354754684954426, 'l1': 0.03156754825028772, 'manhattan': 0.03156754825028772}"
168,"{'cityblock': 0.03156754825028772, 'minkowski': 0.016354754684954426, 'euclidean': 0.016354754684954426, 'l1': 0.03156754825028772, 'manhattan': 0.03156754825028772}","{'cityblock': 0.03156754825028772, 'minkowski': 0.016354754684954495, 'euclidean': 0.016354754684954495, 'l1': 0.03156754825028772, 'manhattan': 0.03156754825028772}","{'cityblock': 0.03156754825028772, 'minkowski': 0.016354754684954426, 'euclidean': 0.016354754684954426, 'l1': 0.03156754825028772, 'manhattan': 0.03156754825028772}"
169,"{'cityblock': 0.03156754825028772, 'minkowski': 0.016354754684954426, 'euclidean': 0.016354754684954426, 'l1': 0.03156754825028772, 'manhattan': 0.03156754825028772}","{'cityblock': 0.03156754825028772, 'minkowski': 0.016354754684954495, 'euclidean': 0.016354754684954495, 'l1': 0.03156754825028772, 'manhattan': 0.03156754825028772}","{'cityblock': 0.03156754825028772, 'minkowski': 0.016354754684954426, 'euclidean': 0.016354754684954426, 'l1': 0.03156754825028772, 'manhattan': 0.03156754825028772}"
170,"{'cityblock': 0.03156754825028772, 'minkowski': 0.016354754684954426, 'euclidean': 0.016354754684954426, 'l1': 0.03156754825028772, 'manhattan': 0.03156754825028772}","{'cityblock': 0.03156754825028772, 'minkowski': 0.016354754684954495, 'euclidean': 0.016354754684954495, 'l1': 0.03156754825028772, 'manhattan': 0.03156754825028772}","{'cityblock': 0.03156754825028772, 'minkowski': 0.016354754684954426, 'euclidean': 0.016354754684954426, 'l1': 0.03156754825028772, 'manhattan': 0.03156754825028772}"
171,"{'cityblock': 0.03156754825028772, 'minkowski': 0.016354754684954426, 'euclidean': 0.016354754684954426, 'l1': 0.03156754825028772, 'manhattan': 0.03156754825028772}","{'cityblock': 0.03156754825028772, 'minkowski': 0.016354754684954495, 'euclidean': 0.016354754684954495, 'l1': 0.03156754825028772, 'manhattan': 0.03156754825028772}","{'cityblock': 0.03156754825028772, 'minkowski': 0.016354754684954426, 'euclidean': 0.016354754684954426, 'l1': 0.03156754825028772, 'manhattan': 0.03156754825028772}"
172,"{'cityblock': 0.03156754825028772, 'minkowski': 0.016354754684954426, 'euclidean': 0.016354754684954426, 'l1': 0.03156754825028772, 'manhattan': 0.03156754825028772}","{'cityblock': 0.03156754825028772, 'minkowski': 0.016354754684954495, 'euclidean': 0.016354754684954495, 'l1': 0.03156754825028772, 'manhattan': 0.03156754825028772}","{'cityblock': 0.03156754825028772, 'minkowski': 0.016354754684954426, 'euclidean': 0.016354754684954426, 'l1': 0.03156754825028772, 'manhattan': 0.03156754825028772}"
173,"{'cityblock': 0.03156754825028772, 'minkowski': 0.016354754684954426, 'euclidean': 0.016354754684954426, 'l1': 0.03156754825028772, 'manhattan': 0.03156754825028772}","{'cityblock': 0.03156754825028772, 'minkowski': 0.016354754684954495, 'euclidean': 0.016354754684954495, 'l1': 0.03156754825028772, 'manhattan': 0.03156754825028772}","{'cityblock': 0.03156754825028772, 'minkowski': 0.016354754684954426, 'euclidean': 0.016354754684954426, 'l1': 0.03156754825028772, 'manhattan': 0.03156754825028772}"
174,"{'cityblock': 0.03156754825028772, 'minkowski': 0.016354754684954426, 'euclidean': 0.016354754684954426, 'l1': 0.03156754825028772, 'manhattan': 0.03156754825028772}","{'cityblock': 0.03156754825028772, 'minkowski': 0.016354754684954495, 'euclidean': 0.016354754684954495, 'l1': 0.03156754825028772, 'manhattan': 0.03156754825028772}","{'cityblock': 0.03156754825028772, 'minkowski': 0.016354754684954426, 'euclidean': 0.016354754684954426, 'l1': 0.03156754825028772, 'manhattan': 0.03156754825028772}"
175,"{'cityblock': 0.03156754825028772, 'minkowski': 0.016354754684954426, 'euclidean': 0.016354754684954426, 'l1': 0.03156754825028772, 'manhattan': 0.03156754825028772}","{'cityblock': 0.03156754825028772, 'minkowski': 0.016354754684954495, 'euclidean': 0.016354754684954495, 'l1': 0.03156754825028772, 'manhattan': 0.03156754825028772}","{'cityblock': 0.03156754825028772, 'minkowski': 0.016354754684954426, 'euclidean': 0.016354754684954426, 'l1': 0.03156754825028772, 'manhattan': 0.03156754825028772}"
176,"{'cityblock': 0.03156754825028772, 'minkowski': 0.016354754684954426, 'euclidean': 0.016354754684954426, 'l1': 0.03156754825028772, 'manhattan': 0.03156754825028772}","{'cityblock': 0.03156754825028772, 'minkowski': 0.016354754684954495, 'euclidean': 0.016354754684954495, 'l1': 0.03156754825028772, 'manhattan': 0.03156754825028772}","{'cityblock': 0.03156754825028772, 'minkowski': 0.016354754684954426, 'euclidean': 0.016354754684954426, 'l1': 0.03156754825028772, 'manhattan': 0.03156754825028772}"
177,"{'cityblock': 0.03156754825028772, 'minkowski': 0.016354754684954426, 'euclidean': 0.016354754684954426, 'l1': 0.03156754825028772, 'manhattan': 0.03156754825028772}","{'cityblock': 0.03156754825028772, 'minkowski': 0.016354754684954495, 'euclidean': 0.016354754684954495, 'l1': 0.03156754825028772, 'manhattan': 0.03156754825028772}","{'cityblock': 0.03156754825028772, 'minkowski': 0.016354754684954426, 'euclidean': 0.016354754684954426, 'l1': 0.03156754825028772, 'manhattan': 0.03156754825028772}"
178,"{'cityblock': 0.03156754825028772, 'minkowski': 0.016354754684954426, 'euclidean': 0.016354754684954426, 'l1': 0.03156754825028772, 'manhattan': 0.03156754825028772}","{'cityblock': 0.03156754825028772, 'minkowski': 0.016354754684954495, 'euclidean': 0.016354754684954495, 'l1': 0.03156754825028772, 'manhattan': 0.03156754825028772}","{'cityblock': 0.03156754825028772, 'minkowski': 0.016354754684954426, 'euclidean': 0.016354754684954426, 'l1': 0.03156754825028772, 'manhattan': 0.03156754825028772}"
179,"{'cityblock': 0.03156754825028772, 'minkowski': 0.016354754684954426, 'euclidean': 0.016354754684954426, 'l1': 0.03156754825028772, 'manhattan': 0.03156754825028772}","{'cityblock': 0.03156754825028772, 'minkowski': 0.016354754684954495, 'euclidean': 0.016354754684954495, 'l1': 0.03156754825028772, 'manhattan': 0.03156754825028772}","{'cityblock': 0.03156754825028772, 'minkowski': 0.016354754684954426, 'euclidean': 0.016354754684954426, 'l1': 0.03156754825028772, 'manhattan': 0.03156754825028772}"
180,"{'cityblock': 0.03156754825028772, 'minkowski': 0.016354754684954426, 'euclidean': 0.016354754684954426, 'l1': 0.03156754825028772, 'manhattan': 0.03156754825028772}","{'cityblock': 0.03156754825028772, 'minkowski': 0.016354754684954495, 'euclidean': 0.016354754684954495, 'l1': 0.03156754825028772, 'manhattan': 0.03156754825028772}","{'cityblock': 0.03156754825028772, 'minkowski': 0.016354754684954426, 'euclidean': 0.016354754684954426, 'l1': 0.03156754825028772, 'manhattan': 0.03156754825028772}"
181,"{'cityblock': 0.03156754825028772, 'minkowski': 0.016354754684954426, 'euclidean': 0.016354754684954426, 'l1': 0.03156754825028772, 'manhattan': 0.03156754825028772}","{'cityblock': 0.03156754825028772, 'minkowski': 0.016354754684954495, 'euclidean': 0.016354754684954495, 'l1': 0.03156754825028772, 'manhattan': 0.03156754825028772}","{'cityblock': 0.03156754825028772, 'minkowski': 0.016354754684954426, 'euclidean': 0.016354754684954426, 'l1': 0.03156754825028772, 'manhattan': 0.03156754825028772}"
182,"{'cityblock': 0.03156754825028772, 'minkowski': 0.016354754684954426, 'euclidean': 0.016354754684954426, 'l1': 0.03156754825028772, 'manhattan': 0.03156754825028772}","{'cityblock': 0.03156754825028772, 'minkowski': 0.016354754684954495, 'euclidean': 0.016354754684954495, 'l1': 0.03156754825028772, 'manhattan': 0.03156754825028772}","{'cityblock': 0.03156754825028772, 'minkowski': 0.016354754684954426, 'euclidean': 0.016354754684954426, 'l1': 0.03156754825028772, 'manhattan': 0.03156754825028772}"
183,"{'cityblock': 0.03156754825028772, 'minkowski': 0.016354754684954426, 'euclidean': 0.016354754684954426, 'l1': 0.03156754825028772, 'manhattan': 0.03156754825028772}","{'cityblock': 0.03156754825028772, 'minkowski': 0.016354754684954495, 'euclidean': 0.016354754684954495, 'l1': 0.03156754825028772, 'manhattan': 0.03156754825028772}","{'cityblock': 0.03156754825028772, 'minkowski': 0.016354754684954426, 'euclidean': 0.016354754684954426, 'l1': 0.03156754825028772, 'manhattan': 0.03156754825028772}"
184,"{'cityblock': 0.03156754825028772, 'minkowski': 0.016354754684954426, 'euclidean': 0.016354754684954426, 'l1': 0.03156754825028772, 'manhattan': 0.03156754825028772}","{'cityblock': 0.03156754825028772, 'minkowski': 0.016354754684954495, 'euclidean': 0.016354754684954495, 'l1': 0.03156754825028772, 'manhattan': 0.03156754825028772}","{'cityblock': 0.03156754825028772, 'minkowski': 0.016354754684954426, 'euclidean': 0.016354754684954426, 'l1': 0.03156754825028772, 'manhattan': 0.03156754825028772}"
185,"{'cityblock': 0.03156754825028772, 'minkowski': 0.016354754684954426, 'euclidean': 0.016354754684954426, 'l1': 0.03156754825028772, 'manhattan': 0.03156754825028772}","{'cityblock': 0.03156754825028772, 'minkowski': 0.016354754684954495, 'euclidean': 0.016354754684954495, 'l1': 0.03156754825028772, 'manhattan': 0.03156754825028772}","{'cityblock': 0.03156754825028772, 'minkowski': 0.016354754684954426, 'euclidean': 0.016354754684954426, 'l1': 0.03156754825028772, 'manhattan': 0.03156754825028772}"
186,"{'cityblock': 0.03156754825028772, 'minkowski': 0.016354754684954426, 'euclidean': 0.016354754684954426, 'l1': 0.03156754825028772, 'manhattan': 0.03156754825028772}","{'cityblock': 0.03156754825028772, 'minkowski': 0.016354754684954495, 'euclidean': 0.016354754684954495, 'l1': 0.03156754825028772, 'manhattan': 0.03156754825028772}","{'cityblock': 0.03156754825028772, 'minkowski': 0.016354754684954426, 'euclidean': 0.016354754684954426, 'l1': 0.03156754825028772, 'manhattan': 0.03156754825028772}"
187,"{'cityblock': 0.03156754825028772, 'minkowski': 0.016354754684954426, 'euclidean': 0.016354754684954426, 'l1': 0.03156754825028772, 'manhattan': 0.03156754825028772}","{'cityblock': 0.03156754825028772, 'minkowski': 0.016354754684954495, 'euclidean': 0.016354754684954495, 'l1': 0.03156754825028772, 'manhattan': 0.03156754825028772}","{'cityblock': 0.03156754825028772, 'minkowski': 0.016354754684954426, 'euclidean': 0.016354754684954426, 'l1': 0.03156754825028772, 'manhattan': 0.03156754825028772}"
188,"{'cityblock': 0.03156754825028772, 'minkowski': 0.016354754684954426, 'euclidean': 0.016354754684954426, 'l1': 0.03156754825028772, 'manhattan': 0.03156754825028772}","{'cityblock': 0.03156754825028772, 'minkowski': 0.016354754684954495, 'euclidean': 0.016354754684954495, 'l1': 0.03156754825028772, 'manhattan': 0.03156754825028772}","{'cityblock': 0.03156754825028772, 'minkowski': 0.016354754684954426, 'euclidean': 0.016354754684954426, 'l1': 0.03156754825028772, 'manhattan': 0.03156754825028772}"
189,"{'cityblock': 0.03156754825028772, 'minkowski': 0.016354754684954426, 'euclidean': 0.016354754684954426, 'l1': 0.03156754825028772, 'manhattan': 0.03156754825028772}","{'cityblock': 0.03156754825028772, 'minkowski': 0.016354754684954495, 'euclidean': 0.016354754684954495, 'l1': 0.03156754825028772, 'manhattan': 0.03156754825028772}","{'cityblock': 0.03156754825028772, 'minkowski': 0.016354754684954426, 'euclidean': 0.016354754684954426, 'l1': 0.03156754825028772, 'manhattan': 0.03156754825028772}"
190,"{'cityblock': 0.03156754825028772, 'minkowski': 0.016354754684954426, 'euclidean': 0.016354754684954426, 'l1': 0.03156754825028772, 'manhattan': 0.03156754825028772}","{'cityblock': 0.03156754825028772, 'minkowski': 0.016354754684954495, 'euclidean': 0.016354754684954495, 'l1': 0.03156754825028772, 'manhattan': 0.03156754825028772}","{'cityblock': 0.03156754825028772, 'minkowski': 0.016354754684954426, 'euclidean': 0.016354754684954426, 'l1': 0.03156754825028772, 'manhattan': 0.03156754825028772}"
191,"{'cityblock': 0.03156754825028772, 'minkowski': 0.016354754684954426, 'euclidean': 0.016354754684954426, 'l1': 0.03156754825028772, 'manhattan': 0.03156754825028772}","{'cityblock': 0.03156754825028772, 'minkowski': 0.016354754684954495, 'euclidean': 0.016354754684954495, 'l1': 0.03156754825028772, 'manhattan': 0.03156754825028772}","{'cityblock': 0.03156754825028772, 'minkowski': 0.016354754684954426, 'euclidean': 0.016354754684954426, 'l1': 0.03156754825028772, 'manhattan': 0.03156754825028772}"
192,"{'cityblock': 0.03156754825028772, 'minkowski': 0.016354754684954426, 'euclidean': 0.016354754684954426, 'l1': 0.03156754825028772, 'manhattan': 0.03156754825028772}","{'cityblock': 0.03156754825028772, 'minkowski': 0.016354754684954495, 'euclidean': 0.016354754684954495, 'l1': 0.03156754825028772, 'manhattan': 0.03156754825028772}","{'cityblock': 0.03156754825028772, 'minkowski': 0.016354754684954426, 'euclidean': 0.016354754684954426, 'l1': 0.03156754825028772, 'manhattan': 0.03156754825028772}"
193,"{'cityblock': 0.03156754825028772, 'minkowski': 0.016354754684954426, 'euclidean': 0.016354754684954426, 'l1': 0.03156754825028772, 'manhattan': 0.03156754825028772}","{'cityblock': 0.03156754825028772, 'minkowski': 0.016354754684954495, 'euclidean': 0.016354754684954495, 'l1': 0.03156754825028772, 'manhattan': 0.03156754825028772}","{'cityblock': 0.03156754825028772, 'minkowski': 0.016354754684954426, 'euclidean': 0.016354754684954426, 'l1': 0.03156754825028772, 'manhattan': 0.03156754825028772}"
194,"{'cityblock': 0.03156754825028772, 'minkowski': 0.016354754684954426, 'euclidean': 0.016354754684954426, 'l1': 0.03156754825028772, 'manhattan': 0.03156754825028772}","{'cityblock': 0.03156754825028772, 'minkowski': 0.016354754684954495, 'euclidean': 0.016354754684954495, 'l1': 0.03156754825028772, 'manhattan': 0.03156754825028772}","{'cityblock': 0.03156754825028772, 'minkowski': 0.016354754684954426, 'euclidean': 0.016354754684954426, 'l1': 0.03156754825028772, 'manhattan': 0.03156754825028772}"
195,"{'cityblock': 0.03156754825028772, 'minkowski': 0.016354754684954426, 'euclidean': 0.016354754684954426, 'l1': 0.03156754825028772, 'manhattan': 0.03156754825028772}","{'cityblock': 0.03156754825028772, 'minkowski': 0.016354754684954495, 'euclidean': 0.016354754684954495, 'l1': 0.03156754825028772, 'manhattan': 0.03156754825028772}","{'cityblock': 0.03156754825028772, 'minkowski': 0.016354754684954426, 'euclidean': 0.016354754684954426, 'l1': 0.03156754825028772, 'manhattan': 0.03156754825028772}"
196,"{'cityblock': 0.03156754825028772, 'minkowski': 0.016354754684954426, 'euclidean': 0.016354754684954426, 'l1': 0.03156754825028772, 'manhattan': 0.03156754825028772}","{'cityblock': 0.03156754825028772, 'minkowski': 0.016354754684954495, 'euclidean': 0.016354754684954495, 'l1': 0.03156754825028772, 'manhattan': 0.03156754825028772}","{'cityblock': 0.03156754825028772, 'minkowski': 0.016354754684954426, 'euclidean': 0.016354754684954426, 'l1': 0.03156754825028772, 'manhattan': 0.03156754825028772}"
197,"{'cityblock': 0.03156754825028772, 'minkowski': 0.016354754684954426, 'euclidean': 0.016354754684954426, 'l1': 0.03156754825028772, 'manhattan': 0.03156754825028772}","{'cityblock': 0.03156754825028772, 'minkowski': 0.016354754684954495, 'euclidean': 0.016354754684954495, 'l1': 0.03156754825028772, 'manhattan': 0.03156754825028772}","{'cityblock': 0.03156754825028772, 'minkowski': 0.016354754684954426, 'euclidean': 0.016354754684954426, 'l1': 0.03156754825028772, 'manhattan': 0.03156754825028772}"
198,"{'cityblock': 0.03156754825028772, 'minkowski': 0.016354754684954426, 'euclidean': 0.016354754684954426, 'l1': 0.03156754825028772, 'manhattan': 0.03156754825028772}","{'cityblock': 0.03156754825028772, 'minkowski': 0.016354754684954495, 'euclidean': 0.016354754684954495, 'l1': 0.03156754825028772, 'manhattan': 0.03156754825028772}","{'cityblock': 0.03156754825028772, 'minkowski': 0.016354754684954426, 'euclidean': 0.016354754684954426, 'l1': 0.03156754825028772, 'manhattan': 0.03156754825028772}"
199,"{'cityblock': 0.03156754825028772, 'minkowski': 0.016354754684954426, 'euclidean': 0.016354754684954426, 'l1': 0.03156754825028772, 'manhattan': 0.03156754825028772}","{'cityblock': 0.03156754825028772, 'minkowski': 0.016354754684954495, 'euclidean': 0.016354754684954495, 'l1': 0.03156754825028772, 'manhattan': 0.03156754825028772}","{'cityblock': 0.03156754825028772, 'minkowski': 0.016354754684954426, 'euclidean': 0.016354754684954426, 'l1': 0.03156754825028772, 'manhattan': 0.03156754825028772}"
200,"{'cityblock': 0.03156754825028772, 'minkowski': 0.016354754684954426, 'euclidean': 0.016354754684954426, 'l1': 0.03156754825028772, 'manhattan': 0.03156754825028772}","{'cityblock': 0.03156754825028772, 'minkowski': 0.016354754684954495, 'euclidean': 0.016354754684954495, 'l1': 0.03156754825028772, 'manhattan': 0.03156754825028772}","{'cityblock': 0.03156754825028772, 'minkowski': 0.016354754684954426, 'euclidean': 0.016354754684954426, 'l1': 0.03156754825028772, 'manhattan': 0.03156754825028772}"
201,"{'cityblock': 0.03156754825028772, 'minkowski': 0.016354754684954426, 'euclidean': 0.016354754684954426, 'l1': 0.03156754825028772, 'manhattan': 0.03156754825028772}","{'cityblock': 0.03156754825028772, 'minkowski': 0.016354754684954495, 'euclidean': 0.016354754684954495, 'l1': 0.03156754825028772, 'manhattan': 0.03156754825028772}","{'cityblock': 0.03156754825028772, 'minkowski': 0.016354754684954426, 'euclidean': 0.016354754684954426, 'l1': 0.03156754825028772, 'manhattan': 0.03156754825028772}"
202,"{'cityblock': 0.03156754825028772, 'minkowski': 0.016354754684954426, 'euclidean': 0.016354754684954426, 'l1': 0.03156754825028772, 'manhattan': 0.03156754825028772}","{'cityblock': 0.03156754825028772, 'minkowski': 0.016354754684954495, 'euclidean': 0.016354754684954495, 'l1': 0.03156754825028772, 'manhattan': 0.03156754825028772}","{'cityblock': 0.03156754825028772, 'minkowski': 0.016354754684954426, 'euclidean': 0.016354754684954426, 'l1': 0.03156754825028772, 'manhattan': 0.03156754825028772}"
203,"{'cityblock': 0.03156754825028772, 'minkowski': 0.016354754684954426, 'euclidean': 0.016354754684954426, 'l1': 0.03156754825028772, 'manhattan': 0.03156754825028772}","{'cityblock': 0.03156754825028772, 'minkowski': 0.016354754684954495, 'euclidean': 0.016354754684954495, 'l1': 0.03156754825028772, 'manhattan': 0.03156754825028772}","{'cityblock': 0.03156754825028772, 'minkowski': 0.016354754684954426, 'euclidean': 0.016354754684954426, 'l1': 0.03156754825028772, 'manhattan': 0.03156754825028772}"
204,"{'cityblock': 0.03156754825028772, 'minkowski': 0.016354754684954426, 'euclidean': 0.016354754684954426, 'l1': 0.03156754825028772, 'manhattan': 0.03156754825028772}","{'cityblock': 0.03156754825028772, 'minkowski': 0.016354754684954495, 'euclidean': 0.016354754684954495, 'l1': 0.03156754825028772, 'manhattan': 0.03156754825028772}","{'cityblock': 0.03156754825028772, 'minkowski': 0.016354754684954426, 'euclidean': 0.016354754684954426, 'l1': 0.03156754825028772, 'manhattan': 0.03156754825028772}"
205,"{'cityblock': 0.03156754825028772, 'minkowski': 0.016354754684954426, 'euclidean': 0.016354754684954426, 'l1': 0.03156754825028772, 'manhattan': 0.03156754825028772}","{'cityblock': 0.03156754825028772, 'minkowski': 0.016354754684954495, 'euclidean': 0.016354754684954495, 'l1': 0.03156754825028772, 'manhattan': 0.03156754825028772}","{'cityblock': 0.03156754825028772, 'minkowski': 0.016354754684954426, 'euclidean': 0.016354754684954426, 'l1': 0.03156754825028772, 'manhattan': 0.03156754825028772}"
206,"{'cityblock': 0.03156754825028772, 'minkowski': 0.016354754684954426, 'euclidean': 0.016354754684954426, 'l1': 0.03156754825028772, 'manhattan': 0.03156754825028772}","{'cityblock': 0.03156754825028772, 'minkowski': 0.016354754684954495, 'euclidean': 0.016354754684954495, 'l1': 0.03156754825028772, 'manhattan': 0.03156754825028772}","{'cityblock': 0.03156754825028772, 'minkowski': 0.016354754684954426, 'euclidean': 0.016354754684954426, 'l1': 0.03156754825028772, 'manhattan': 0.03156754825028772}"
207,"{'cityblock': 0.03156754825028772, 'minkowski': 0.016354754684954426, 'euclidean': 0.016354754684954426, 'l1': 0.03156754825028772, 'manhattan': 0.03156754825028772}","{'cityblock': 0.03156754825028772, 'minkowski': 0.016354754684954495, 'euclidean': 0.016354754684954495, 'l1': 0.03156754825028772, 'manhattan': 0.03156754825028772}","{'cityblock': 0.03156754825028772, 'minkowski': 0.016354754684954426, 'euclidean': 0.016354754684954426, 'l1': 0.03156754825028772, 'manhattan': 0.03156754825028772}"
208,"{'cityblock': 0.03156754825028772, 'minkowski': 0.016354754684954426, 'euclidean': 0.016354754684954426, 'l1': 0.03156754825028772, 'manhattan': 0.03156754825028772}","{'cityblock': 0.03156754825028772, 'minkowski': 0.016354754684954495, 'euclidean': 0.016354754684954495, 'l1': 0.03156754825028772, 'manhattan': 0.03156754825028772}","{'cityblock': 0.03156754825028772, 'minkowski': 0.016354754684954426, 'euclidean': 0.016354754684954426, 'l1': 0.03156754825028772, 'manhattan': 0.03156754825028772}"
209,"{'cityblock': 0.03156754825028772, 'minkowski': 0.016354754684954426, 'euclidean': 0.016354754684954426, 'l1': 0.03156754825028772, 'manhattan': 0.03156754825028772}","{'cityblock': 0.03156754825028772, 'minkowski': 0.016354754684954495, 'euclidean': 0.016354754684954495, 'l1': 0.03156754825028772, 'manhattan': 0.03156754825028772}","{'cityblock': 0.03156754825028772, 'minkowski': 0.016354754684954426, 'euclidean': 0.016354754684954426, 'l1': 0.03156754825028772, 'manhattan': 0.03156754825028772}"
210,"{'cityblock': 0.03156754825028772, 'minkowski': 0.016354754684954426, 'euclidean': 0.016354754684954426, 'l1': 0.03156754825028772, 'manhattan': 0.03156754825028772}","{'cityblock': 0.03156754825028772, 'minkowski': 0.016354754684954495, 'euclidean': 0.016354754684954495, 'l1': 0.03156754825028772, 'manhattan': 0.03156754825028772}","{'cityblock': 0.03156754825028772, 'minkowski': 0.016354754684954426, 'euclidean': 0.016354754684954426, 'l1': 0.03156754825028772, 'manhattan': 0.03156754825028772}"
211,"{'cityblock': 0.03156754825028772, 'minkowski': 0.016354754684954426, 'euclidean': 0.016354754684954426, 'l1': 0.03156754825028772, 'manhattan': 0.03156754825028772}","{'cityblock': 0.03156754825028772, 'minkowski': 0.016354754684954495, 'euclidean': 0.016354754684954495, 'l1': 0.03156754825028772, 'manhattan': 0.03156754825028772}","{'cityblock': 0.03156754825028772, 'minkowski': 0.016354754684954426, 'euclidean': 0.016354754684954426, 'l1': 0.03156754825028772, 'manhattan': 0.03156754825028772}"
212,"{'cityblock': 0.03156754825028772, 'minkowski': 0.016354754684954426, 'euclidean': 0.016354754684954426, 'l1': 0.03156754825028772, 'manhattan': 0.03156754825028772}","{'cityblock': 0.03156754825028772, 'minkowski': 0.016354754684954495, 'euclidean': 0.016354754684954495, 'l1': 0.03156754825028772, 'manhattan': 0.03156754825028772}","{'cityblock': 0.03156754825028772, 'minkowski': 0.016354754684954426, 'euclidean': 0.016354754684954426, 'l1': 0.03156754825028772, 'manhattan': 0.03156754825028772}"
213,"{'cityblock': 0.03156754825028772, 'minkowski': 0.016354754684954426, 'euclidean': 0.016354754684954426, 'l1': 0.03156754825028772, 'manhattan': 0.03156754825028772}","{'cityblock': 0.03156754825028772, 'minkowski': 0.016354754684954495, 'euclidean': 0.016354754684954495, 'l1': 0.03156754825028772, 'manhattan': 0.03156754825028772}","{'cityblock': 0.03156754825028772, 'minkowski': 0.016354754684954426, 'euclidean': 0.016354754684954426, 'l1': 0.03156754825028772, 'manhattan': 0.03156754825028772}"
214,"{'cityblock': 0.03156754825028772, 'minkowski': 0.016354754684954426, 'euclidean': 0.016354754684954426, 'l1': 0.03156754825028772, 'manhattan': 0.03156754825028772}","{'cityblock': 0.03156754825028772, 'minkowski': 0.016354754684954495, 'euclidean': 0.016354754684954495, 'l1': 0.03156754825028772, 'manhattan': 0.03156754825028772}","{'cityblock': 0.03156754825028772, 'minkowski': 0.016354754684954426, 'euclidean': 0.016354754684954426, 'l1': 0.03156754825028772, 'manhattan': 0.03156754825028772}"
215,"{'cityblock': 0.03156754825028772, 'minkowski': 0.016354754684954426, 'euclidean': 0.016354754684954426, 'l1': 0.03156754825028772, 'manhattan': 0.03156754825028772}","{'cityblock': 0.03156754825028772, 'minkowski': 0.016354754684954495, 'euclidean': 0.016354754684954495, 'l1': 0.03156754825028772, 'manhattan': 0.03156754825028772}","{'cityblock': 0.03156754825028772, 'minkowski': 0.016354754684954426, 'euclidean': 0.016354754684954426, 'l1': 0.03156754825028772, 'manhattan': 0.03156754825028772}"
216,"{'cityblock': 0.03156754825028772, 'minkowski': 0.016354754684954426, 'euclidean': 0.016354754684954426, 'l1': 0.03156754825028772, 'manhattan': 0.03156754825028772}","{'cityblock': 0.03156754825028772, 'minkowski': 0.016354754684954495, 'euclidean': 0.016354754684954495, 'l1': 0.03156754825028772, 'manhattan': 0.03156754825028772}","{'cityblock': 0.03156754825028772, 'minkowski': 0.016354754684954426, 'euclidean': 0.016354754684954426, 'l1': 0.03156754825028772, 'manhattan': 0.03156754825028772}"
217,"{'cityblock': 0.03156754825028772, 'minkowski': 0.016354754684954426, 'euclidean': 0.016354754684954426, 'l1': 0.03156754825028772, 'manhattan': 0.03156754825028772}","{'cityblock': 0.03156754825028772, 'minkowski': 0.016354754684954495, 'euclidean': 0.016354754684954495, 'l1': 0.03156754825028772, 'manhattan': 0.03156754825028772}","{'cityblock': 0.03156754825028772, 'minkowski': 0.016354754684954426, 'euclidean': 0.016354754684954426, 'l1': 0.03156754825028772, 'manhattan': 0.03156754825028772}"
218,"{'cityblock': 0.03156754825028772, 'minkowski': 0.016354754684954426, 'euclidean': 0.016354754684954426, 'l1': 0.03156754825028772, 'manhattan': 0.03156754825028772}","{'cityblock': 0.03156754825028772, 'minkowski': 0.016354754684954495, 'euclidean': 0.016354754684954495, 'l1': 0.03156754825028772, 'manhattan': 0.03156754825028772}","{'cityblock': 0.03156754825028772, 'minkowski': 0.016354754684954426, 'euclidean': 0.016354754684954426, 'l1': 0.03156754825028772, 'manhattan': 0.03156754825028772}"
219,"{'cityblock': 0.03156754825028772, 'minkowski': 0.016354754684954426, 'euclidean': 0.016354754684954426, 'l1': 0.03156754825028772, 'manhattan': 0.03156754825028772}","{'cityblock': 0.03156754825028772, 'minkowski': 0.016354754684954495, 'euclidean': 0.016354754684954495, 'l1': 0.03156754825028772, 'manhattan': 0.03156754825028772}","{'cityblock': 0.03156754825028772, 'minkowski': 0.016354754684954426, 'euclidean': 0.016354754684954426, 'l1': 0.03156754825028772, 'manhattan': 0.03156754825028772}"
220,"{'cityblock': 0.03156754825028772, 'minkowski': 0.016354754684954426, 'euclidean': 0.016354754684954426, 'l1': 0.03156754825028772, 'manhattan': 0.03156754825028772}","{'cityblock': 0.03156754825028772, 'minkowski': 0.016354754684954495, 'euclidean': 0.016354754684954495, 'l1': 0.03156754825028772, 'manhattan': 0.03156754825028772}","{'cityblock': 0.03156754825028772, 'minkowski': 0.016354754684954426, 'euclidean': 0.016354754684954426, 'l1': 0.03156754825028772, 'manhattan': 0.03156754825028772}"
221,"{'cityblock': 0.03156754825028772, 'minkowski': 0.016354754684954426, 'euclidean': 0.016354754684954426, 'l1': 0.03156754825028772, 'manhattan': 0.03156754825028772}","{'cityblock': 0.03156754825028772, 'minkowski': 0.016354754684954495, 'euclidean': 0.016354754684954495, 'l1': 0.03156754825028772, 'manhattan': 0.03156754825028772}","{'cityblock': 0.03156754825028772, 'minkowski': 0.016354754684954426, 'euclidean': 0.016354754684954426, 'l1': 0.03156754825028772, 'manhattan': 0.03156754825028772}"
222,"{'cityblock': 0.03156754825028772, 'minkowski': 0.016354754684954426, 'euclidean': 0.016354754684954426, 'l1': 0.03156754825028772, 'manhattan': 0.03156754825028772}","{'cityblock': 0.03156754825028772, 'minkowski': 0.016354754684954495, 'euclidean': 0.016354754684954495, 'l1': 0.03156754825028772, 'manhattan': 0.03156754825028772}","{'cityblock': 0.03156754825028772, 'minkowski': 0.016354754684954426, 'euclidean': 0.016354754684954426, 'l1': 0.03156754825028772, 'manhattan': 0.03156754825028772}"
223,"{'cityblock': 0.03156754825028772, 'minkowski': 0.016354754684954426, 'euclidean': 0.016354754684954426, 'l1': 0.03156754825028772, 'manhattan': 0.03156754825028772}","{'cityblock': 0.03156754825028772, 'minkowski': 0.016354754684954495, 'euclidean': 0.016354754684954495, 'l1': 0.03156754825028772, 'manhattan': 0.03156754825028772}","{'cityblock': 0.03156754825028772, 'minkowski': 0.016354754684954426, 'euclidean': 0.016354754684954426, 'l1': 0.03156754825028772, 'manhattan': 0.03156754825028772}"
224,"{'cityblock': 0.03156754825028772, 'minkowski': 0.016354754684954426, 'euclidean': 0.016354754684954426, 'l1': 0.03156754825028772, 'manhattan': 0.03156754825028772}","{'cityblock': 0.03156754825028772, 'minkowski': 0.016354754684954495, 'euclidean': 0.016354754684954495, 'l1': 0.03156754825028772, 'manhattan': 0.03156754825028772}","{'cityblock': 0.03156754825028772, 'minkowski': 0.016354754684954426, 'euclidean': 0.016354754684954426, 'l1': 0.03156754825028772, 'manhattan': 0.03156754825028772}"
225,"{'cityblock': 0.03156754825028772, 'minkowski': 0.016354754684954426, 'euclidean': 0.016354754684954426, 'l1': 0.03156754825028772, 'manhattan': 0.03156754825028772}","{'cityblock': 0.03156754825028772, 'minkowski': 0.016354754684954495, 'euclidean': 0.016354754684954495, 'l1': 0.03156754825028772, 'manhattan': 0.03156754825028772}","{'cityblock': 0.03156754825028772, 'minkowski': 0.016354754684954426, 'euclidean': 0.016354754684954426, 'l1': 0.03156754825028772, 'manhattan': 0.03156754825028772}"
226,"{'cityblock': 0.03156754825028772, 'minkowski': 0.016354754684954426, 'euclidean': 0.016354754684954426, 'l1': 0.03156754825028772, 'manhattan': 0.03156754825028772}","{'cityblock': 0.03156754825028772, 'minkowski': 0.016354754684954495, 'euclidean': 0.016354754684954495, 'l1': 0.03156754825028772, 'manhattan': 0.03156754825028772}","{'cityblock': 0.03156754825028772, 'minkowski': 0.016354754684954426, 'euclidean': 0.016354754684954426, 'l1': 0.03156754825028772, 'manhattan': 0.03156754825028772}"
227,"{'cityblock': 0.03156754825028772, 'minkowski': 0.016354754684954426, 'euclidean': 0.016354754684954426, 'l1': 0.03156754825028772, 'manhattan': 0.03156754825028772}","{'cityblock': 0.03156754825028772, 'minkowski': 0.016354754684954495, 'euclidean': 0.016354754684954495, 'l1': 0.03156754825028772, 'manhattan': 0.03156754825028772}","{'cityblock': 0.03156754825028772, 'minkowski': 0.016354754684954426, 'euclidean': 0.016354754684954426, 'l1': 0.03156754825028772, 'manhattan': 0.03156754825028772}"
228,"{'cityblock': 0.03156754825028772, 'minkowski': 0.016354754684954426, 'euclidean': 0.016354754684954426, 'l1': 0.03156754825028772, 'manhattan': 0.03156754825028772}","{'cityblock': 0.03156754825028772, 'minkowski': 0.016354754684954495, 'euclidean': 0.016354754684954495, 'l1': 0.03156754825028772, 'manhattan': 0.03156754825028772}","{'cityblock': 0.03156754825028772, 'minkowski': 0.016354754684954426, 'euclidean': 0.016354754684954426, 'l1': 0.03156754825028772, 'manhattan': 0.03156754825028772}"
229,"{'cityblock': 0.03156754825028772, 'minkowski': 0.016354754684954426, 'euclidean': 0.016354754684954426, 'l1': 0.03156754825028772, 'manhattan': 0.03156754825028772}","{'cityblock': 0.03156754825028772, 'minkowski': 0.016354754684954495, 'euclidean': 0.016354754684954495, 'l1': 0.03156754825028772, 'manhattan': 0.03156754825028772}","{'cityblock': 0.03156754825028772, 'minkowski': 0.016354754684954426, 'euclidean': 0.016354754684954426, 'l1': 0.03156754825028772, 'manhattan': 0.03156754825028772}"
230,"{'cityblock': 0.03156754825028772, 'minkowski': 0.016354754684954426, 'euclidean': 0.016354754684954426, 'l1': 0.03156754825028772, 'manhattan': 0.03156754825028772}","{'cityblock': 0.03156754825028772, 'minkowski': 0.016354754684954495, 'euclidean': 0.016354754684954495, 'l1': 0.03156754825028772, 'manhattan': 0.03156754825028772}","{'cityblock': 0.03156754825028772, 'minkowski': 0.016354754684954426, 'euclidean': 0.016354754684954426, 'l1': 0.03156754825028772, 'manhattan': 0.03156754825028772}"
231,"{'cityblock': 0.03156754825028772, 'minkowski': 0.016354754684954426, 'euclidean': 0.016354754684954426, 'l1': 0.03156754825028772, 'manhattan': 0.03156754825028772}","{'cityblock': 0.03156754825028772, 'minkowski': 0.016354754684954495, 'euclidean': 0.016354754684954495, 'l1': 0.03156754825028772, 'manhattan': 0.03156754825028772}","{'cityblock': 0.03156754825028772, 'minkowski': 0.016354754684954426, 'euclidean': 0.016354754684954426, 'l1': 0.03156754825028772, 'manhattan': 0.03156754825028772}"
232,"{'cityblock': 0.03156754825028772, 'minkowski': 0.016354754684954426, 'euclidean': 0.016354754684954426, 'l1': 0.03156754825028772, 'manhattan': 0.03156754825028772}","{'cityblock': 0.03156754825028772, 'minkowski': 0.016354754684954495, 'euclidean': 0.016354754684954495, 'l1': 0.03156754825028772, 'manhattan': 0.03156754825028772}","{'cityblock': 0.03156754825028772, 'minkowski': 0.016354754684954426, 'euclidean': 0.016354754684954426, 'l1': 0.03156754825028772, 'manhattan': 0.03156754825028772}"
233,"{'cityblock': 0.03156754825028772, 'minkowski': 0.016354754684954426, 'euclidean': 0.016354754684954426, 'l1': 0.03156754825028772, 'manhattan': 0.03156754825028772}","{'cityblock': 0.03156754825028772, 'minkowski': 0.016354754684954495, 'euclidean': 0.016354754684954495, 'l1': 0.03156754825028772, 'manhattan': 0.03156754825028772}","{'cityblock': 0.03156754825028772, 'minkowski': 0.016354754684954426, 'euclidean': 0.016354754684954426, 'l1': 0.03156754825028772, 'manhattan': 0.03156754825028772}"
234,"{'cityblock': 0.03156754825028772, 'minkowski': 0.016354754684954426, 'euclidean': 0.016354754684954426, 'l1': 0.03156754825028772, 'manhattan': 0.03156754825028772}","{'cityblock': 0.03156754825028772, 'minkowski': 0.016354754684954495, 'euclidean': 0.016354754684954495, 'l1': 0.03156754825028772, 'manhattan': 0.03156754825028772}","{'cityblock': 0.03156754825028772, 'minkowski': 0.016354754684954426, 'euclidean': 0.016354754684954426, 'l1': 0.03156754825028772, 'manhattan': 0.03156754825028772}"
235,"{'cityblock': 0.03156754825028772, 'minkowski': 0.016354754684954426, 'euclidean': 0.016354754684954426, 'l1': 0.03156754825028772, 'manhattan': 0.03156754825028772}","{'cityblock': 0.03156754825028772, 'minkowski': 0.016354754684954495, 'euclidean': 0.016354754684954495, 'l1': 0.03156754825028772, 'manhattan': 0.03156754825028772}","{'cityblock': 0.03156754825028772, 'minkowski': 0.016354754684954426, 'euclidean': 0.016354754684954426, 'l1': 0.03156754825028772, 'manhattan': 0.03156754825028772}"
236,"{'cityblock': 0.03156754825028772, 'minkowski': 0.016354754684954426, 'euclidean': 0.016354754684954426, 'l1': 0.03156754825028772, 'manhattan': 0.03156754825028772}","{'cityblock': 0.03156754825028772, 'minkowski': 0.016354754684954495, 'euclidean': 0.016354754684954495, 'l1': 0.03156754825028772, 'manhattan': 0.03156754825028772}","{'cityblock': 0.03156754825028772, 'minkowski': 0.016354754684954426, 'euclidean': 0.016354754684954426, 'l1': 0.03156754825028772, 'manhattan': 0.03156754825028772}"
237,"{'cityblock': 0.03156754825028772, 'minkowski': 0.016354754684954426, 'euclidean': 0.016354754684954426, 'l1': 0.03156754825028772, 'manhattan': 0.03156754825028772}","{'cityblock': 0.03156754825028772, 'minkowski': 0.016354754684954495, 'euclidean': 0.016354754684954495, 'l1': 0.03156754825028772, 'manhattan': 0.03156754825028772}","{'cityblock': 0.03156754825028772, 'minkowski': 0.016354754684954426, 'euclidean': 0.016354754684954426, 'l1': 0.03156754825028772, 'manhattan': 0.03156754825028772}"
238,"{'cityblock': 0.03156754825028772, 'minkowski': 0.016354754684954426, 'euclidean': 0.016354754684954426, 'l1': 0.03156754825028772, 'manhattan': 0.03156754825028772}","{'cityblock': 0.03156754825028772, 'minkowski': 0.016354754684954495, 'euclidean': 0.016354754684954495, 'l1': 0.03156754825028772, 'manhattan': 0.03156754825028772}","{'cityblock': 0.03156754825028772, 'minkowski': 0.016354754684954426, 'euclidean': 0.016354754684954426, 'l1': 0.03156754825028772, 'manhattan': 0.03156754825028772}"
239,"{'cityblock': 0.03156754825028772, 'minkowski': 0.016354754684954426, 'euclidean': 0.016354754684954426, 'l1': 0.03156754825028772, 'manhattan': 0.03156754825028772}","{'cityblock': 0.03156754825028772, 'minkowski': 0.016354754684954495, 'euclidean': 0.016354754684954495, 'l1': 0.03156754825028772, 'manhattan': 0.03156754825028772}","{'cityblock': 0.03156754825028772, 'minkowski': 0.016354754684954426, 'euclidean': 0.016354754684954426, 'l1': 0.03156754825028772, 'manhattan': 0.03156754825028772}"
240,"{'cityblock': 0.03156754825028772, 'minkowski': 0.016354754684954426, 'euclidean': 0.016354754684954426, 'l1': 0.03156754825028772, 'manhattan': 0.03156754825028772}","{'cityblock': 0.03156754825028772, 'minkowski': 0.016354754684954495, 'euclidean': 0.016354754684954495, 'l1': 0.03156754825028772, 'manhattan': 0.03156754825028772}","{'cityblock': 0.03156754825028772, 'minkowski': 0.016354754684954426, 'euclidean': 0.016354754684954426, 'l1': 0.03156754825028772, 'manhattan': 0.03156754825028772}"
241,"{'cityblock': 0.03156754825028772, 'minkowski': 0.016354754684954426, 'euclidean': 0.016354754684954426, 'l1': 0.03156754825028772, 'manhattan': 0.03156754825028772}","{'cityblock': 0.03156754825028772, 'minkowski': 0.016354754684954495, 'euclidean': 0.016354754684954495, 'l1': 0.03156754825028772, 'manhattan': 0.03156754825028772}","{'cityblock': 0.03156754825028772, 'minkowski': 0.016354754684954426, 'euclidean': 0.016354754684954426, 'l1': 0.03156754825028772, 'manhattan': 0.03156754825028772}"
242,"{'cityblock': 0.03156754825028772, 'minkowski': 0.016354754684954426, 'euclidean': 0.016354754684954426, 'l1': 0.03156754825028772, 'manhattan': 0.03156754825028772}","{'cityblock': 0.03156754825028772, 'minkowski': 0.016354754684954495, 'euclidean': 0.016354754684954495, 'l1': 0.03156754825028772, 'manhattan': 0.03156754825028772}","{'cityblock': 0.03156754825028772, 'minkowski': 0.016354754684954426, 'euclidean': 0.016354754684954426, 'l1': 0.03156754825028772, 'manhattan': 0.03156754825028772}"
243,"{'cityblock': 0.03156754825028772, 'minkowski': 0.016354754684954426, 'euclidean': 0.016354754684954426, 'l1': 0.03156754825028772, 'manhattan': 0.03156754825028772}","{'cityblock': 0.03156754825028772, 'minkowski': 0.016354754684954495, 'euclidean': 0.016354754684954495, 'l1': 0.03156754825028772, 'manhattan': 0.03156754825028772}","{'cityblock': 0.03156754825028772, 'minkowski': 0.016354754684954426, 'euclidean': 0.016354754684954426, 'l1': 0.03156754825028772, 'manhattan': 0.03156754825028772}"
244,"{'cityblock': 0.03156754825028772, 'minkowski': 0.016354754684954426, 'euclidean': 0.016354754684954426, 'l1': 0.03156754825028772, 'manhattan': 0.03156754825028772}","{'cityblock': 0.03156754825028772, 'minkowski': 0.016354754684954495, 'euclidean': 0.016354754684954495, 'l1': 0.03156754825028772, 'manhattan': 0.03156754825028772}","{'cityblock': 0.03156754825028772, 'minkowski': 0.016354754684954426, 'euclidean': 0.016354754684954426, 'l1': 0.03156754825028772, 'manhattan': 0.03156754825028772}"
245,"{'cityblock': 0.03156754825028772, 'minkowski': 0.016354754684954426, 'euclidean': 0.016354754684954426, 'l1': 0.03156754825028772, 'manhattan': 0.03156754825028772}","{'cityblock': 0.03156754825028772, 'minkowski': 0.016354754684954495, 'euclidean': 0.016354754684954495, 'l1': 0.03156754825028772, 'manhattan': 0.03156754825028772}","{'cityblock': 0.03156754825028772, 'minkowski': 0.016354754684954426, 'euclidean': 0.016354754684954426, 'l1': 0.03156754825028772, 'manhattan': 0.03156754825028772}"
246,"{'cityblock': 0.03156754825028772, 'minkowski': 0.016354754684954426, 'euclidean': 0.016354754684954426, 'l1': 0.03156754825028772, 'manhattan': 0.03156754825028772}","{'cityblock': 0.03156754825028772, 'minkowski': 0.016354754684954495, 'euclidean': 0.016354754684954495, 'l1': 0.03156754825028772, 'manhattan': 0.03156754825028772}","{'cityblock': 0.03156754825028772, 'minkowski': 0.016354754684954426, 'euclidean': 0.016354754684954426, 'l1': 0.03156754825028772, 'manhattan': 0.03156754825028772}"
247,"{'cityblock': 0.03156754825028772, 'minkowski': 0.016354754684954426, 'euclidean': 0.016354754684954426, 'l1': 0.03156754825028772, 'manhattan': 0.03156754825028772}","{'cityblock': 0.03156754825028772, 'minkowski': 0.016354754684954495, 'euclidean': 0.016354754684954495, 'l1': 0.03156754825028772, 'manhattan': 0.03156754825028772}","{'cityblock': 0.03156754825028772, 'minkowski': 0.016354754684954426, 'euclidean': 0.016354754684954426, 'l1': 0.03156754825028772, 'manhattan': 0.03156754825028772}"
248,"{'cityblock': 0.03156754825028772, 'minkowski': 0.016354754684954426, 'euclidean': 0.016354754684954426, 'l1': 0.03156754825028772, 'manhattan': 0.03156754825028772}","{'cityblock': 0.03156754825028772, 'minkowski': 0.016354754684954495, 'euclidean': 0.016354754684954495, 'l1': 0.03156754825028772, 'manhattan': 0.03156754825028772}","{'cityblock': 0.03156754825028772, 'minkowski': 0.016354754684954426, 'euclidean': 0.016354754684954426, 'l1': 0.03156754825028772, 'manhattan': 0.03156754825028772}"
249,"{'cityblock': 0.03156754825028772, 'minkowski': 0.016354754684954426, 'euclidean': 0.016354754684954426, 'l1': 0.03156754825028772, 'manhattan': 0.03156754825028772}","{'cityblock': 0.03156754825028772, 'minkowski': 0.016354754684954495, 'euclidean': 0.016354754684954495, 'l1': 0.03156754825028772, 'manhattan': 0.03156754825028772}","{'cityblock': 0.03156754825028772, 'minkowski': 0.016354754684954426, 'euclidean': 0.016354754684954426, 'l1': 0.03156754825028772, 'manhattan': 0.03156754825028772}"
250,"{'cityblock': 0.03156754825028772, 'minkowski': 0.016354754684954426, 'euclidean': 0.016354754684954426, 'l1': 0.03156754825028772, 'manhattan': 0.03156754825028772}","{'cityblock': 0.03156754825028772, 'minkowski': 0.016354754684954495, 'euclidean': 0.016354754684954495, 'l1': 0.03156754825028772, 'manhattan': 0.03156754825028772}","{'cityblock': 0.03156754825028772, 'minkowski': 0.016354754684954426, 'euclidean': 0.016354754684954426, 'l1': 0.03156754825028772, 'manhattan': 0.03156754825028772}"
251,"{'cityblock': 0.03156754825028772, 'minkowski': 0.016354754684954426, 'euclidean': 0.016354754684954426, 'l1': 0.03156754825028772, 'manhattan': 0.03156754825028772}","{'cityblock': 0.03156754825028772, 'minkowski': 0.016354754684954495, 'euclidean': 0.016354754684954495, 'l1': 0.03156754825028772, 'manhattan': 0.03156754825028772}","{'cityblock': 0.03156754825028772, 'minkowski': 0.016354754684954426, 'euclidean': 0.016354754684954426, 'l1': 0.03156754825028772, 'manhattan': 0.03156754825028772}"
252,"{'cityblock': 0.03156754825028772, 'minkowski': 0.016354754684954426, 'euclidean': 0.016354754684954426, 'l1': 0.03156754825028772, 'manhattan': 0.03156754825028772}","{'cityblock': 0.03156754825028772, 'minkowski': 0.016354754684954495, 'euclidean': 0.016354754684954495, 'l1': 0.03156754825028772, 'manhattan': 0.03156754825028772}","{'cityblock': 0.03156754825028772, 'minkowski': 0.016354754684954426, 'euclidean': 0.016354754684954426, 'l1': 0.03156754825028772, 'manhattan': 0.03156754825028772}"
253,"{'cityblock': 0.03156754825028772, 'minkowski': 0.016354754684954426, 'euclidean': 0.016354754684954426, 'l1': 0.03156754825028772, 'manhattan': 0.03156754825028772}","{'cityblock': 0.03156754825028772, 'minkowski': 0.016354754684954495, 'euclidean': 0.016354754684954495, 'l1': 0.03156754825028772, 'manhattan': 0.03156754825028772}","{'cityblock': 0.03156754825028772, 'minkowski': 0.016354754684954426, 'euclidean': 0.016354754684954426, 'l1': 0.03156754825028772, 'manhattan': 0.03156754825028772}"
254,"{'cityblock': 0.03156754825028772, 'minkowski': 0.016354754684954426, 'euclidean': 0.016354754684954426, 'l1': 0.03156754825028772, 'manhattan': 0.03156754825028772}","{'cityblock': 0.03156754825028772, 'minkowski': 0.016354754684954495, 'euclidean': 0.016354754684954495, 'l1': 0.03156754825028772, 'manhattan': 0.03156754825028772}","{'cityblock': 0.03156754825028772, 'minkowski': 0.016354754684954426, 'euclidean': 0.016354754684954426, 'l1': 0.03156754825028772, 'manhattan': 0.03156754825028772}"
255,"{'cityblock': 0.03156754825028772, 'minkowski': 0.016354754684954426, 'euclidean': 0.016354754684954426, 'l1': 0.03156754825028772, 'manhattan': 0.03156754825028772}","{'cityblock': 0.03156754825028772, 'minkowski': 0.016354754684954495, 'euclidean': 0.016354754684954495, 'l1': 0.03156754825028772, 'manhattan': 0.03156754825028772}","{'cityblock': 0.03156754825028772, 'minkowski': 0.016354754684954426, 'euclidean': 0.016354754684954426, 'l1': 0.03156754825028772, 'manhattan': 0.03156754825028772}"
256,"{'cityblock': 0.03156754825028772, 'minkowski': 0.016354754684954426, 'euclidean': 0.016354754684954426, 'l1': 0.03156754825028772, 'manhattan': 0.03156754825028772}","{'cityblock': 0.03156754825028772, 'minkowski': 0.016354754684954495, 'euclidean': 0.016354754684954495, 'l1': 0.03156754825028772, 'manhattan': 0.03156754825028772}","{'cityblock': 0.03156754825028772, 'minkowski': 0.016354754684954426, 'euclidean': 0.016354754684954426, 'l1': 0.03156754825028772, 'manhattan': 0.03156754825028772}"
257,"{'cityblock': 0.03156754825028772, 'minkowski': 0.016354754684954426, 'euclidean': 0.016354754684954426, 'l1': 0.03156754825028772, 'manhattan': 0.03156754825028772}","{'cityblock': 0.03156754825028772, 'minkowski': 0.016354754684954495, 'euclidean': 0.016354754684954495, 'l1': 0.03156754825028772, 'manhattan': 0.03156754825028772}","{'cityblock': 0.03156754825028772, 'minkowski': 0.016354754684954426, 'euclidean': 0.016354754684954426, 'l1': 0.03156754825028772, 'manhattan': 0.03156754825028772}"
258,"{'cityblock': 0.03156754825028772, 'minkowski': 0.016354754684954426, 'euclidean': 0.016354754684954426, 'l1': 0.03156754825028772, 'manhattan': 0.03156754825028772}","{'cityblock': 0.03156754825028772, 'minkowski': 0.016354754684954495, 'euclidean': 0.016354754684954495, 'l1': 0.03156754825028772, 'manhattan': 0.03156754825028772}","{'cityblock': 0.03156754825028772, 'minkowski': 0.016354754684954426, 'euclidean': 0.016354754684954426, 'l1': 0.03156754825028772, 'manhattan': 0.03156754825028772}"
259,"{'cityblock': 0.03156754825028772, 'minkowski': 0.016354754684954426, 'euclidean': 0.016354754684954426, 'l1': 0.03156754825028772, 'manhattan': 0.03156754825028772}","{'cityblock': 0.03156754825028772, 'minkowski': 0.016354754684954495, 'euclidean': 0.016354754684954495, 'l1': 0.03156754825028772, 'manhattan': 0.03156754825028772}","{'cityblock': 0.03156754825028772, 'minkowski': 0.016354754684954426, 'euclidean': 0.016354754684954426, 'l1': 0.03156754825028772, 'manhattan': 0.03156754825028772}"
260,"{'cityblock': 0.03156754825028772, 'minkowski': 0.016354754684954426, 'euclidean': 0.016354754684954426, 'l1': 0.03156754825028772, 'manhattan': 0.03156754825028772}","{'cityblock': 0.03156754825028772, 'minkowski': 0.016354754684954495, 'euclidean': 0.016354754684954495, 'l1': 0.03156754825028772, 'manhattan': 0.03156754825028772}","{'cityblock': 0.03156754825028772, 'minkowski': 0.016354754684954426, 'euclidean': 0.016354754684954426, 'l1': 0.03156754825028772, 'manhattan': 0.03156754825028772}"
261,"{'cityblock': 0.03156754825028772, 'minkowski': 0.016354754684954426, 'euclidean': 0.016354754684954426, 'l1': 0.03156754825028772, 'manhattan': 0.03156754825028772}","{'cityblock': 0.03156754825028772, 'minkowski': 0.016354754684954495, 'euclidean': 0.016354754684954495, 'l1': 0.03156754825028772, 'manhattan': 0.03156754825028772}","{'cityblock': 0.03156754825028772, 'minkowski': 0.016354754684954426, 'euclidean': 0.016354754684954426, 'l1': 0.03156754825028772, 'manhattan': 0.03156754825028772}"
262,"{'cityblock': 0.03156754825028772, 'minkowski': 0.016354754684954426, 'euclidean': 0.016354754684954426, 'l1': 0.03156754825028772, 'manhattan': 0.03156754825028772}","{'cityblock': 0.03156754825028772, 'minkowski': 0.016354754684954495, 'euclidean': 0.016354754684954495, 'l1': 0.03156754825028772, 'manhattan': 0.03156754825028772}","{'cityblock': 0.03156754825028772, 'minkowski': 0.016354754684954426, 'euclidean': 0.016354754684954426, 'l1': 0.03156754825028772, 'manhattan': 0.03156754825028772}"
263,"{'cityblock': 0.03156754825028772, 'minkowski': 0.016354754684954426, 'euclidean': 0.016354754684954426, 'l1': 0.03156754825028772, 'manhattan': 0.03156754825028772}","{'cityblock': 0.03156754825028772, 'minkowski': 0.016354754684954495, 'euclidean': 0.016354754684954495, 'l1': 0.03156754825028772, 'manhattan': 0.03156754825028772}","{'cityblock': 0.03156754825028772, 'minkowski': 0.016354754684954426, 'euclidean': 0.016354754684954426, 'l1': 0.03156754825028772, 'manhattan': 0.03156754825028772}"
264,"{'cityblock': 0.03156754825028772, 'minkowski': 0.016354754684954426, 'euclidean': 0.016354754684954426, 'l1': 0.03156754825028772, 'manhattan': 0.03156754825028772}","{'cityblock': 0.03156754825028772, 'minkowski': 0.016354754684954495, 'euclidean': 0.016354754684954495, 'l1': 0.03156754825028772, 'manhattan': 0.03156754825028772}","{'cityblock': 0.03156754825028772, 'minkowski': 0.016354754684954426, 'euclidean': 0.016354754684954426, 'l1': 0.03156754825028772, 'manhattan': 0.03156754825028772}"
265,"{'cityblock': 0.03156754825028772, 'minkowski': 0.016354754684954426, 'euclidean': 0.016354754684954426, 'l1': 0.03156754825028772, 'manhattan': 0.03156754825028772}","{'cityblock': 0.03156754825028772, 'minkowski': 0.016354754684954495, 'euclidean': 0.016354754684954495, 'l1': 0.03156754825028772, 'manhattan': 0.03156754825028772}","{'cityblock': 0.03156754825028772, 'minkowski': 0.016354754684954426, 'euclidean': 0.016354754684954426, 'l1': 0.03156754825028772, 'manhattan': 0.03156754825028772}"
266,"{'cityblock': 0.03156754825028772, 'minkowski': 0.016354754684954426, 'euclidean': 0.016354754684954426, 'l1': 0.03156754825028772, 'manhattan': 0.03156754825028772}","{'cityblock': 0.03156754825028772, 'minkowski': 0.016354754684954495, 'euclidean': 0.016354754684954495, 'l1': 0.03156754825028772, 'manhattan': 0.03156754825028772}","{'cityblock': 0.03156754825028772, 'minkowski': 0.016354754684954426, 'euclidean': 0.016354754684954426, 'l1': 0.03156754825028772, 'manhattan': 0.03156754825028772}"
267,"{'cityblock': 0.03156754825028772, 'minkowski': 0.016354754684954426, 'euclidean': 0.016354754684954426, 'l1': 0.03156754825028772, 'manhattan': 0.03156754825028772}","{'cityblock': 0.03156754825028772, 'minkowski': 0.016354754684954495, 'euclidean': 0.016354754684954495, 'l1': 0.03156754825028772, 'manhattan': 0.03156754825028772}","{'cityblock': 0.03156754825028772, 'minkowski': 0.016354754684954426, 'euclidean': 0.016354754684954426, 'l1': 0.03156754825028772, 'manhattan': 0.03156754825028772}"
268,"{'cityblock': 0.03156754825028772, 'minkowski': 0.016354754684954426, 'euclidean': 0.016354754684954426, 'l1': 0.03156754825028772, 'manhattan': 0.03156754825028772}","{'cityblock': 0.03156754825028772, 'minkowski': 0.016354754684954495, 'euclidean': 0.016354754684954495, 'l1': 0.03156754825028772, 'manhattan': 0.03156754825028772}","{'cityblock': 0.03156754825028772, 'minkowski': 0.016354754684954426, 'euclidean': 0.016354754684954426, 'l1': 0.03156754825028772, 'manhattan': 0.03156754825028772}"
269,"{'cityblock': 0.03156754825028772, 'minkowski': 0.016354754684954426, 'euclidean': 0.016354754684954426, 'l1': 0.03156754825028772, 'manhattan': 0.03156754825028772}","{'cityblock': 0.03156754825028772, 'minkowski': 0.016354754684954495, 'euclidean': 0.016354754684954495, 'l1': 0.03156754825028772, 'manhattan': 0.03156754825028772}","{'cityblock': 0.03156754825028772, 'minkowski': 0.016354754684954426, 'euclidean': 0.016354754684954426, 'l1': 0.03156754825028772, 'manhattan': 0.03156754825028772}"
270,"{'cityblock': 0.03156754825028772, 'minkowski': 0.016354754684954426, 'euclidean': 0.016354754684954426, 'l1': 0.03156754825028772, 'manhattan': 0.03156754825028772}","{'cityblock': 0.03156754825028772, 'minkowski': 0.016354754684954495, 'euclidean': 0.016354754684954495, 'l1': 0.03156754825028772, 'manhattan': 0.03156754825028772}","{'cityblock': 0.03156754825028772, 'minkowski': 0.016354754684954426, 'euclidean': 0.016354754684954426, 'l1': 0.03156754825028772, 'manhattan': 0.03156754825028772}"
271,"{'cityblock': 0.03156754825028772, 'minkowski': 0.016354754684954426, 'euclidean': 0.016354754684954426, 'l1': 0.03156754825028772, 'manhattan': 0.03156754825028772}","{'cityblock': 0.03156754825028772, 'minkowski': 0.016354754684954495, 'euclidean': 0.016354754684954495, 'l1': 0.03156754825028772, 'manhattan': 0.03156754825028772}","{'cityblock': 0.03156754825028772, 'minkowski': 0.016354754684954426, 'euclidean': 0.016354754684954426, 'l1': 0.03156754825028772, 'manhattan': 0.03156754825028772}"
272,"{'cityblock': 0.03156754825028772, 'minkowski': 0.016354754684954426, 'euclidean': 0.016354754684954426, 'l1': 0.03156754825028772, 'manhattan': 0.03156754825028772}","{'cityblock': 0.03156754825028772, 'minkowski': 0.016354754684954495, 'euclidean': 0.016354754684954495, 'l1': 0.03156754825028772, 'manhattan': 0.03156754825028772}","{'cityblock': 0.03156754825028772, 'minkowski': 0.016354754684954426, 'euclidean': 0.016354754684954426, 'l1': 0.03156754825028772, 'manhattan': 0.03156754825028772}"
273,"{'cityblock': 0.03156754825028772, 'minkowski': 0.016354754684954426, 'euclidean': 0.016354754684954426, 'l1': 0.03156754825028772, 'manhattan': 0.03156754825028772}","{'cityblock': 0.03156754825028772, 'minkowski': 0.016354754684954495, 'euclidean': 0.016354754684954495, 'l1': 0.03156754825028772, 'manhattan': 0.03156754825028772}","{'cityblock': 0.03156754825028772, 'minkowski': 0.016354754684954426, 'euclidean': 0.016354754684954426, 'l1': 0.03156754825028772, 'manhattan': 0.03156754825028772}"
274,"{'cityblock': 0.03156754825028772, 'minkowski': 0.016354754684954426, 'euclidean': 0.016354754684954426, 'l1': 0.03156754825028772, 'manhattan': 0.03156754825028772}","{'cityblock': 0.03156754825028772, 'minkowski': 0.016354754684954495, 'euclidean': 0.016354754684954495, 'l1': 0.03156754825028772, 'manhattan': 0.03156754825028772}","{'cityblock': 0.03156754825028772, 'minkowski': 0.016354754684954426, 'euclidean': 0.016354754684954426, 'l1': 0.03156754825028772, 'manhattan': 0.03156754825028772}"
275,"{'cityblock': 0.03156754825028772, 'minkowski': 0.016354754684954426, 'euclidean': 0.016354754684954426, 'l1': 0.03156754825028772, 'manhattan': 0.03156754825028772}","{'cityblock': 0.03156754825028772, 'minkowski': 0.016354754684954495, 'euclidean': 0.016354754684954495, 'l1': 0.03156754825028772, 'manhattan': 0.03156754825028772}","{'cityblock': 0.03156754825028772, 'minkowski': 0.016354754684954426, 'euclidean': 0.016354754684954426, 'l1': 0.03156754825028772, 'manhattan': 0.03156754825028772}"
276,"{'cityblock': 0.03156754825028772, 'minkowski': 0.016354754684954426, 'euclidean': 0.016354754684954426, 'l1': 0.03156754825028772, 'manhattan': 0.03156754825028772}","{'cityblock': 0.03156754825028772, 'minkowski': 0.016354754684954495, 'euclidean': 0.016354754684954495, 'l1': 0.03156754825028772, 'manhattan': 0.03156754825028772}","{'cityblock': 0.03156754825028772, 'minkowski': 0.016354754684954426, 'euclidean': 0.016354754684954426, 'l1': 0.03156754825028772, 'manhattan': 0.03156754825028772}"
277,"{'cityblock': 0.03156754825028772, 'minkowski': 0.016354754684954426, 'euclidean': 0.016354754684954426, 'l1': 0.03156754825028772, 'manhattan': 0.03156754825028772}","{'cityblock': 0.03156754825028772, 'minkowski': 0.016354754684954495, 'euclidean': 0.016354754684954495, 'l1': 0.03156754825028772, 'manhattan': 0.03156754825028772}","{'cityblock': 0.03156754825028772, 'minkowski': 0.016354754684954426, 'euclidean': 0.016354754684954426, 'l1': 0.03156754825028772, 'manhattan': 0.03156754825028772}"
278,"{'cityblock': 0.03156754825028772, 'minkowski': 0.016354754684954426, 'euclidean': 0.016354754684954426, 'l1': 0.03156754825028772, 'manhattan': 0.03156754825028772}","{'cityblock': 0.03156754825028772, 'minkowski': 0.016354754684954495, 'euclidean': 0.016354754684954495, 'l1': 0.03156754825028772, 'manhattan': 0.03156754825028772}","{'cityblock': 0.03156754825028772, 'minkowski': 0.016354754684954426, 'euclidean': 0.016354754684954426, 'l1': 0.03156754825028772, 'manhattan': 0.03156754825028772}"
279,"{'cityblock': 0.03156754825028772, 'minkowski': 0.016354754684954426, 'euclidean': 0.016354754684954426, 'l1': 0.03156754825028772, 'manhattan': 0.03156754825028772}","{'cityblock': 0.03156754825028772, 'minkowski': 0.016354754684954495, 'euclidean': 0.016354754684954495, 'l1': 0.03156754825028772, 'manhattan': 0.03156754825028772}","{'cityblock': 0.03156754825028772, 'minkowski': 0.016354754684954426, 'euclidean': 0.016354754684954426, 'l1': 0.03156754825028772, 'manhattan': 0.03156754825028772}"
280,"{'cityblock': 0.03156754825028772, 'minkowski': 0.016354754684954426, 'euclidean': 0.016354754684954426, 'l1': 0.03156754825028772, 'manhattan': 0.03156754825028772}","{'cityblock': 0.03156754825028772, 'minkowski': 0.016354754684954495, 'euclidean': 0.016354754684954495, 'l1': 0.03156754825028772, 'manhattan': 0.03156754825028772}","{'cityblock': 0.03156754825028772, 'minkowski': 0.016354754684954426, 'euclidean': 0.016354754684954426, 'l1': 0.03156754825028772, 'manhattan': 0.03156754825028772}"
281,"{'cityblock': 0.03156754825028772, 'minkowski': 0.016354754684954426, 'euclidean': 0.016354754684954426, 'l1': 0.03156754825028772, 'manhattan': 0.03156754825028772}","{'cityblock': 0.03156754825028772, 'minkowski': 0.016354754684954495, 'euclidean': 0.016354754684954495, 'l1': 0.03156754825028772, 'manhattan': 0.03156754825028772}","{'cityblock': 0.03156754825028772, 'minkowski': 0.016354754684954426, 'euclidean': 0.016354754684954426, 'l1': 0.03156754825028772, 'manhattan': 0.03156754825028772}"
282,"{'cityblock': 0.03156754825028772, 'minkowski': 0.016354754684954426, 'euclidean': 0.016354754684954426, 'l1': 0.03156754825028772, 'manhattan': 0.03156754825028772}","{'cityblock': 0.03156754825028772, 'minkowski': 0.016354754684954495, 'euclidean': 0.016354754684954495, 'l1': 0.03156754825028772, 'manhattan': 0.03156754825028772}","{'cityblock': 0.03156754825028772, 'minkowski': 0.016354754684954426, 'euclidean': 0.016354754684954426, 'l1': 0.03156754825028772, 'manhattan': 0.03156754825028772}"
283,"{'cityblock': 0.03156754825028772, 'minkowski': 0.016354754684954426, 'euclidean': 0.016354754684954426, 'l1': 0.03156754825028772, 'manhattan': 0.03156754825028772}","{'cityblock': 0.03156754825028772, 'minkowski': 0.016354754684954495, 'euclidean': 0.016354754684954495, 'l1': 0.03156754825028772, 'manhattan': 0.03156754825028772}","{'cityblock': 0.03156754825028772, 'minkowski': 0.016354754684954426, 'euclidean': 0.016354754684954426, 'l1': 0.03156754825028772, 'manhattan': 0.03156754825028772}"
284,"{'cityblock': 0.03156754825028772, 'minkowski': 0.016354754684954426, 'euclidean': 0.016354754684954426, 'l1': 0.03156754825028772, 'manhattan': 0.03156754825028772}","{'cityblock': 0.03156754825028772, 'minkowski': 0.016354754684954495, 'euclidean': 0.016354754684954495, 'l1': 0.03156754825028772, 'manhattan': 0.03156754825028772}","{'cityblock': 0.03156754825028772, 'minkowski': 0.016354754684954426, 'euclidean': 0.016354754684954426, 'l1': 0.03156754825028772, 'manhattan': 0.03156754825028772}"
285,"{'cityblock': 0.03156754825028772, 'minkowski': 0.016354754684954426, 'euclidean': 0.016354754684954426, 'l1': 0.03156754825028772, 'manhattan': 0.03156754825028772}","{'cityblock': 0.03156754825028772, 'minkowski': 0.016354754684954495, 'euclidean': 0.016354754684954495, 'l1': 0.03156754825028772, 'manhattan': 0.03156754825028772}","{'cityblock': 0.03156754825028772, 'minkowski': 0.016354754684954426, 'euclidean': 0.016354754684954426, 'l1': 0.03156754825028772, 'manhattan': 0.03156754825028772}"
286,"{'cityblock': 0.03156754825028772, 'minkowski': 0.016354754684954426, 'euclidean': 0.016354754684954426, 'l1': 0.03156754825028772, 'manhattan': 0.03156754825028772}","{'cityblock': 0.03156754825028772, 'minkowski': 0.016354754684954495, 'euclidean': 0.016354754684954495, 'l1': 0.03156754825028772, 'manhattan': 0.03156754825028772}","{'cityblock': 0.03156754825028772, 'minkowski': 0.016354754684954426, 'euclidean': 0.016354754684954426, 'l1': 0.03156754825028772, 'manhattan': 0.03156754825028772}"
287,"{'cityblock': 0.03156754825028772, 'minkowski': 0.016354754684954426, 'euclidean': 0.016354754684954426, 'l1': 0.03156754825028772, 'manhattan': 0.03156754825028772}","{'cityblock': 0.03156754825028772, 'minkowski': 0.016354754684954495, 'euclidean': 0.016354754684954495, 'l1': 0.03156754825028772, 'manhattan': 0.03156754825028772}","{'cityblock': 0.03156754825028772, 'minkowski': 0.016354754684954426, 'euclidean': 0.016354754684954426, 'l1': 0.03156754825028772, 'manhattan': 0.03156754825028772}"
288,"{'cityblock': 0.03156754825028772, 'minkowski': 0.016354754684954426, 'euclidean': 0.016354754684954426, 'l1': 0.03156754825028772, 'manhattan': 0.03156754825028772}","{'cityblock': 0.03156754825028772, 'minkowski': 0.016354754684954495, 'euclidean': 0.016354754684954495, 'l1': 0.03156754825028772, 'manhattan': 0.03156754825028772}","{'cityblock': 0.03156754825028772, 'minkowski': 0.016354754684954426, 'euclidean': 0.016354754684954426, 'l1': 0.03156754825028772, 'manhattan': 0.03156754825028772}"
289,"{'cityblock': 0.03156754825028772, 'minkowski': 0.016354754684954426, 'euclidean': 0.016354754684954426, 'l1': 0.03156754825028772, 'manhattan': 0.03156754825028772}","{'cityblock': 0.03156754825028772, 'minkowski': 0.016354754684954495, 'euclidean': 0.016354754684954495, 'l1': 0.03156754825028772, 'manhattan': 0.03156754825028772}","{'cityblock': 0.03156754825028772, 'minkowski': 0.016354754684954426, 'euclidean': 0.016354754684954426, 'l1': 0.03156754825028772, 'manhattan': 0.03156754825028772}"
290,"{'cityblock': 0.03156754825028772, 'minkowski': 0.016354754684954426, 'euclidean': 0.016354754684954426, 'l1': 0.03156754825028772, 'manhattan': 0.03156754825028772}","{'cityblock': 0.03156754825028772, 'minkowski': 0.016354754684954495, 'euclidean': 0.016354754684954495, 'l1': 0.03156754825028772, 'manhattan': 0.03156754825028772}","{'cityblock': 0.03156754825028772, 'minkowski': 0.016354754684954426, 'euclidean': 0.016354754684954426, 'l1': 0.03156754825028772, 'manhattan': 0.03156754825028772}"
291,"{'cityblock': 0.03156754825028772, 'minkowski': 0.016354754684954426, 'euclidean': 0.016354754684954426, 'l1': 0.03156754825028772, 'manhattan': 0.03156754825028772}","{'cityblock': 0.03156754825028772, 'minkowski': 0.016354754684954495, 'euclidean': 0.016354754684954495, 'l1': 0.03156754825028772, 'manhattan': 0.03156754825028772}","{'cityblock': 0.03156754825028772, 'minkowski': 0.016354754684954426, 'euclidean': 0.016354754684954426, 'l1': 0.03156754825028772, 'manhattan': 0.03156754825028772}"
292,"{'cityblock': 0.03156754825028772, 'minkowski': 0.016354754684954426, 'euclidean': 0.016354754684954426, 'l1': 0.03156754825028772, 'manhattan': 0.03156754825028772}","{'cityblock': 0.03156754825028772, 'minkowski': 0.016354754684954495, 'euclidean': 0.016354754684954495, 'l1': 0.03156754825028772, 'manhattan': 0.03156754825028772}","{'cityblock': 0.03156754825028772, 'minkowski': 0.016354754684954426, 'euclidean': 0.016354754684954426, 'l1': 0.03156754825028772, 'manhattan': 0.03156754825028772}"
293,"{'cityblock': 0.03156754825028772, 'minkowski': 0.016354754684954426, 'euclidean': 0.016354754684954426, 'l1': 0.03156754825028772, 'manhattan': 0.03156754825028772}","{'cityblock': 0.03156754825028772, 'minkowski': 0.016354754684954495, 'euclidean': 0.016354754684954495, 'l1': 0.03156754825028772, 'manhattan': 0.03156754825028772}","{'cityblock': 0.03156754825028772, 'minkowski': 0.016354754684954426, 'euclidean': 0.016354754684954426, 'l1': 0.03156754825028772, 'manhattan': 0.03156754825028772}"
294,"{'cityblock': 0.03156754825028772, 'minkowski': 0.016354754684954426, 'euclidean': 0.016354754684954426, 'l1': 0.03156754825028772, 'manhattan': 0.03156754825028772}","{'cityblock': 0.03156754825028772, 'minkowski': 0.016354754684954495, 'euclidean': 0.016354754684954495, 'l1': 0.03156754825028772, 'manhattan': 0.03156754825028772}","{'cityblock': 0.03156754825028772, 'minkowski': 0.016354754684954426, 'euclidean': 0.016354754684954426, 'l1': 0.03156754825028772, 'manhattan': 0.03156754825028772}"
295,"{'cityblock': 0.03156754825028772, 'minkowski': 0.016354754684954426, 'euclidean': 0.016354754684954426, 'l1': 0.03156754825028772, 'manhattan': 0.03156754825028772}","{'cityblock': 0.03156754825028772, 'minkowski': 0.016354754684954495, 'euclidean': 0.016354754684954495, 'l1': 0.03156754825028772, 'manhattan': 0.03156754825028772}","{'cityblock': 0.03156754825028772, 'minkowski': 0.016354754684954426, 'euclidean': 0.016354754684954426, 'l1': 0.03156754825028772, 'manhattan': 0.03156754825028772}"
296,"{'cityblock': 0.03156754825028772, 'minkowski': 0.016354754684954426, 'euclidean': 0.016354754684954426, 'l1': 0.03156754825028772, 'manhattan': 0.03156754825028772}","{'cityblock': 0.03156754825028772, 'minkowski': 0.016354754684954495, 'euclidean': 0.016354754684954495, 'l1': 0.03156754825028772, 'manhattan': 0.03156754825028772}","{'cityblock': 0.03156754825028772, 'minkowski': 0.016354754684954426, 'euclidean': 0.016354754684954426, 'l1': 0.03156754825028772, 'manhattan': 0.03156754825028772}"
297,"{'cityblock': 0.03156754825028772, 'minkowski': 0.016354754684954426, 'euclidean': 0.016354754684954426, 'l1': 0.03156754825028772, 'manhattan': 0.03156754825028772}","{'cityblock': 0.03156754825028772, 'minkowski': 0.016354754684954495, 'euclidean': 0.016354754684954495, 'l1': 0.03156754825028772, 'manhattan': 0.03156754825028772}","{'cityblock': 0.03156754825028772, 'minkowski': 0.016354754684954426, 'euclidean': 0.016354754684954426, 'l1': 0.03156754825028772, 'manhattan': 0.03156754825028772}"
298,"{'cityblock': 0.03156754825028772, 'minkowski': 0.016354754684954426, 'euclidean': 0.016354754684954426, 'l1': 0.03156754825028772, 'manhattan': 0.03156754825028772}","{'cityblock': 0.03156754825028772, 'minkowski': 0.016354754684954495, 'euclidean': 0.016354754684954495, 'l1': 0.03156754825028772, 'manhattan': 0.03156754825028772}","{'cityblock': 0.03156754825028772, 'minkowski': 0.016354754684954426, 'euclidean': 0.016354754684954426, 'l1': 0.03156754825028772, 'manhattan': 0.03156754825028772}"
299,"{'cityblock': 0.03156754825028772, 'minkowski': 0.016354754684954426, 'euclidean': 0.016354754684954426, 'l1': 0.03156754825028772, 'manhattan': 0.03156754825028772}","{'cityblock': 0.03156754825028772, 'minkowski': 0.016354754684954495, 'euclidean': 0.016354754684954495, 'l1': 0.03156754825028772, 'manhattan': 0.03156754825028772}","{'cityblock': 0.03156754825028772, 'minkowski': 0.016354754684954426, 'euclidean': 0.016354754684954426, 'l1': 0.03156754825028772, 'manhattan': 0.03156754825028772}"
300,"{'cityblock': 0.03156754825028772, 'minkowski': 0.016354754684954426, 'euclidean': 0.016354754684954426, 'l1': 0.03156754825028772, 'manhattan': 0.03156754825028772}","{'cityblock': 0.03156754825028772, 'minkowski': 0.016354754684954495, 'euclidean': 0.016354754684954495, 'l1': 0.03156754825028772, 'manhattan': 0.03156754825028772}","{'cityblock': 0.03156754825028772, 'minkowski': 0.016354754684954426, 'euclidean': 0.016354754684954426, 'l1': 0.03156754825028772, 'manhattan': 0.03156754825028772}"
301,"{'cityblock': 0.03156754825028772, 'minkowski': 0.016354754684954426, 'euclidean': 0.016354754684954426, 'l1': 0.03156754825028772, 'manhattan': 0.03156754825028772}","{'cityblock': 0.03156754825028772, 'minkowski': 0.016354754684954495, 'euclidean': 0.016354754684954495, 'l1': 0.03156754825028772, 'manhattan': 0.03156754825028772}","{'cityblock': 0.03156754825028772, 'minkowski': 0.016354754684954426, 'euclidean': 0.016354754684954426, 'l1': 0.03156754825028772, 'manhattan': 0.03156754825028772}"
302,"{'cityblock': 0.03156754825028772, 'minkowski': 0.016354754684954426, 'euclidean': 0.016354754684954426, 'l1': 0.03156754825028772, 'manhattan': 0.03156754825028772}","{'cityblock': 0.03156754825028772, 'minkowski': 0.016354754684954495, 'euclidean': 0.016354754684954495, 'l1': 0.03156754825028772, 'manhattan': 0.03156754825028772}","{'cityblock': 0.03156754825028772, 'minkowski': 0.016354754684954426, 'euclidean': 0.016354754684954426, 'l1': 0.03156754825028772, 'manhattan': 0.03156754825028772}"
303,"{'cityblock': 0.03156754825028772, 'minkowski': 0.016354754684954426, 'euclidean': 0.016354754684954426, 'l1': 0.03156754825028772, 'manhattan': 0.03156754825028772}","{'cityblock': 0.03156754825028772, 'minkowski': 0.016354754684954495, 'euclidean': 0.016354754684954495, 'l1': 0.03156754825028772, 'manhattan': 0.03156754825028772}","{'cityblock': 0.03156754825028772, 'minkowski': 0.016354754684954426, 'euclidean': 0.016354754684954426, 'l1': 0.03156754825028772, 'manhattan': 0.03156754825028772}"
304,"{'cityblock': 0.03156754825028772, 'minkowski': 0.016354754684954426, 'euclidean': 0.016354754684954426, 'l1': 0.03156754825028772, 'manhattan': 0.03156754825028772}","{'cityblock': 0.03156754825028772, 'minkowski': 0.016354754684954495, 'euclidean': 0.016354754684954495, 'l1': 0.03156754825028772, 'manhattan': 0.03156754825028772}","{'cityblock': 0.03156754825028772, 'minkowski': 0.016354754684954426, 'euclidean': 0.016354754684954426, 'l1': 0.03156754825028772, 'manhattan': 0.03156754825028772}"
305,"{'cityblock': 0.03156754825028772, 'minkowski': 0.016354754684954426, 'euclidean': 0.016354754684954426, 'l1': 0.03156754825028772, 'manhattan': 0.03156754825028772}","{'cityblock': 0.03156754825028772, 'minkowski': 0.016354754684954495, 'euclidean': 0.016354754684954495, 'l1': 0.03156754825028772, 'manhattan': 0.03156754825028772}","{'cityblock': 0.03156754825028772, 'minkowski': 0.016354754684954426, 'euclidean': 0.016354754684954426, 'l1': 0.03156754825028772, 'manhattan': 0.03156754825028772}"
306,"{'cityblock': 0.03156754825028772, 'minkowski': 0.016354754684954426, 'euclidean': 0.016354754684954426, 'l1': 0.03156754825028772, 'manhattan': 0.03156754825028772}","{'cityblock': 0.03156754825028772, 'minkowski': 0.016354754684954495, 'euclidean': 0.016354754684954495, 'l1': 0.03156754825028772, 'manhattan': 0.03156754825028772}","{'cityblock': 0.03156754825028772, 'minkowski': 0.016354754684954426, 'euclidean': 0.016354754684954426, 'l1': 0.03156754825028772, 'manhattan': 0.03156754825028772}"
307,"{'cityblock': 0.03156754825028772, 'minkowski': 0.016354754684954426, 'euclidean': 0.016354754684954426, 'l1': 0.03156754825028772, 'manhattan': 0.03156754825028772}","{'cityblock': 0.03156754825028772, 'minkowski': 0.016354754684954495, 'euclidean': 0.016354754684954495, 'l1': 0.03156754825028772, 'manhattan': 0.03156754825028772}","{'cityblock': 0.03156754825028772, 'minkowski': 0.016354754684954426, 'euclidean': 0.016354754684954426, 'l1': 0.03156754825028772, 'manhattan': 0.03156754825028772}"
308,"{'cityblock': 0.03156754825028772, 'minkowski': 0.016354754684954426, 'euclidean': 0.016354754684954426, 'l1': 0.03156754825028772, 'manhattan': 0.03156754825028772}","{'cityblock': 0.03156754825028772, 'minkowski': 0.016354754684954495, 'euclidean': 0.016354754684954495, 'l1': 0.03156754825028772, 'manhattan': 0.03156754825028772}","{'cityblock': 0.03156754825028772, 'minkowski': 0.016354754684954426, 'euclidean': 0.016354754684954426, 'l1': 0.03156754825028772, 'manhattan': 0.03156754825028772}"
309,"{'cityblock': 0.03156754825028772, 'minkowski': 0.016354754684954426, 'euclidean': 0.016354754684954426, 'l1': 0.03156754825028772, 'manhattan': 0.03156754825028772}","{'cityblock': 0.03156754825028772, 'minkowski': 0.016354754684954495, 'euclidean': 0.016354754684954495, 'l1': 0.03156754825028772, 'manhattan': 0.03156754825028772}","{'cityblock': 0.03156754825028772, 'minkowski': 0.016354754684954426, 'euclidean': 0.016354754684954426, 'l1': 0.03156754825028772, 'manhattan': 0.03156754825028772}"
310,"{'cityblock': 0.03156754825028772, 'minkowski': 0.016354754684954426, 'euclidean': 0.016354754684954426, 'l1': 0.03156754825028772, 'manhattan': 0.03156754825028772}","{'cityblock': 0.03156754825028772, 'minkowski': 0.016354754684954495, 'euclidean': 0.016354754684954495, 'l1': 0.03156754825028772, 'manhattan': 0.03156754825028772}","{'cityblock': 0.03156754825028772, 'minkowski': 0.016354754684954426, 'euclidean': 0.016354754684954426, 'l1': 0.03156754825028772, 'manhattan': 0.03156754825028772}"
311,"{'cityblock': 0.03156754825028772, 'minkowski': 0.016354754684954426, 'euclidean': 0.016354754684954426, 'l1': 0.03156754825028772, 'manhattan': 0.03156754825028772}","{'cityblock': 0.03156754825028772, 'minkowski': 0.016354754684954495, 'euclidean': 0.016354754684954495, 'l1': 0.03156754825028772, 'manhattan': 0.03156754825028772}","{'cityblock': 0.03156754825028772, 'minkowski': 0.016354754684954426, 'euclidean': 0.016354754684954426, 'l1': 0.03156754825028772, 'manhattan': 0.03156754825028772}"
312,"{'cityblock': 0.03156754825028772, 'minkowski': 0.016354754684954426, 'euclidean': 0.016354754684954426, 'l1': 0.03156754825028772, 'manhattan': 0.03156754825028772}","{'cityblock': 0.03156754825028772, 'minkowski': 0.016354754684954495, 'euclidean': 0.016354754684954495, 'l1': 0.03156754825028772, 'manhattan': 0.03156754825028772}","{'cityblock': 0.03156754825028772, 'minkowski': 0.016354754684954426, 'euclidean': 0.016354754684954426, 'l1': 0.03156754825028772, 'manhattan': 0.03156754825028772}"
313,"{'cityblock': 0.03156754825028772, 'minkowski': 0.016354754684954426, 'euclidean': 0.016354754684954426, 'l1': 0.03156754825028772, 'manhattan': 0.03156754825028772}","{'cityblock': 0.03156754825028772, 'minkowski': 0.016354754684954495, 'euclidean': 0.016354754684954495, 'l1': 0.03156754825028772, 'manhattan': 0.03156754825028772}","{'cityblock': 0.03156754825028772, 'minkowski': 0.016354754684954426, 'euclidean': 0.016354754684954426, 'l1': 0.03156754825028772, 'manhattan': 0.03156754825028772}"
314,"{'cityblock': 0.03156754825028772, 'minkowski': 0.016354754684954426, 'euclidean': 0.016354754684954426, 'l1': 0.03156754825028772, 'manhattan': 0.03156754825028772}","{'cityblock': 0.03156754825028772, 'minkowski': 0.016354754684954495, 'euclidean': 0.016354754684954495, 'l1': 0.03156754825028772, 'manhattan': 0.03156754825028772}","{'cityblock': 0.03156754825028772, 'minkowski': 0.016354754684954426, 'euclidean': 0.016354754684954426, 'l1': 0.03156754825028772, 'manhattan': 0.03156754825028772}"
315,"{'cityblock': 0.03156754825028772, 'minkowski': 0.016354754684954426, 'euclidean': 0.016354754684954426, 'l1': 0.03156754825028772, 'manhattan': 0.03156754825028772}","{'cityblock': 0.03156754825028772, 'minkowski': 0.016354754684954495, 'euclidean': 0.016354754684954495, 'l1': 0.03156754825028772, 'manhattan': 0.03156754825028772}","{'cityblock': 0.03156754825028772, 'minkowski': 0.016354754684954426, 'euclidean': 0.016354754684954426, 'l1': 0.03156754825028772, 'manhattan': 0.03156754825028772}"
316,"{'cityblock': 0.03156754825028772, 'minkowski': 0.016354754684954426, 'euclidean': 0.016354754684954426, 'l1': 0.03156754825028772, 'manhattan': 0.03156754825028772}","{'cityblock': 0.03156754825028772, 'minkowski': 0.016354754684954495, 'euclidean': 0.016354754684954495, 'l1': 0.03156754825028772, 'manhattan': 0.03156754825028772}","{'cityblock': 0.03156754825028772, 'minkowski': 0.016354754684954426, 'euclidean': 0.016354754684954426, 'l1': 0.03156754825028772, 'manhattan': 0.03156754825028772}"
317,"{'cityblock': 0.03156754825028772, 'minkowski': 0.016354754684954426, 'euclidean': 0.016354754684954426, 'l1': 0.03156754825028772, 'manhattan': 0.03156754825028772}","{'cityblock': 0.03156754825028772, 'minkowski': 0.016354754684954495, 'euclidean': 0.016354754684954495, 'l1': 0.03156754825028772, 'manhattan': 0.03156754825028772}","{'cityblock': 0.03156754825028772, 'minkowski': 0.016354754684954426, 'euclidean': 0.016354754684954426, 'l1': 0.03156754825028772, 'manhattan': 0.03156754825028772}"
318,"{'cityblock': 0.03156754825028772, 'minkowski': 0.016354754684954426, 'euclidean': 0.016354754684954426, 'l1': 0.03156754825028772, 'manhattan': 0.03156754825028772}","{'cityblock': 0.03156754825028772, 'minkowski': 0.016354754684954495, 'euclidean': 0.016354754684954495, 'l1': 0.03156754825028772, 'manhattan': 0.03156754825028772}","{'cityblock': 0.03156754825028772, 'minkowski': 0.016354754684954426, 'euclidean': 0.016354754684954426, 'l1': 0.03156754825028772, 'manhattan': 0.03156754825028772}"
319,"{'cityblock': 0.03156754825028772, 'minkowski': 0.016354754684954426, 'euclidean': 0.016354754684954426, 'l1': 0.03156754825028772, 'manhattan': 0.03156754825028772}","{'cityblock': 0.03156754825028772, 'minkowski': 0.016354754684954495, 'euclidean': 0.016354754684954495, 'l1': 0.03156754825028772, 'manhattan': 0.03156754825028772}","{'cityblock': 0.03156754825028772, 'minkowski': 0.016354754684954426, 'euclidean': 0.016354754684954426, 'l1': 0.03156754825028772, 'manhattan': 0.03156754825028772}"
320,"{'cityblock': 0.03156754825028772, 'minkowski': 0.016354754684954426, 'euclidean': 0.016354754684954426, 'l1': 0.03156754825028772, 'manhattan': 0.03156754825028772}","{'cityblock': 0.03156754825028772, 'minkowski': 0.016354754684954495, 'euclidean': 0.016354754684954495, 'l1': 0.03156754825028772, 'manhattan': 0.03156754825028772}","{'cityblock': 0.03156754825028772, 'minkowski': 0.016354754684954426, 'euclidean': 0.016354754684954426, 'l1': 0.03156754825028772, 'manhattan': 0.03156754825028772}"
321,"{'cityblock': 0.03156754825028772, 'minkowski': 0.016354754684954426, 'euclidean': 0.016354754684954426, 'l1': 0.03156754825028772, 'manhattan': 0.03156754825028772}","{'cityblock': 0.03156754825028772, 'minkowski': 0.016354754684954495, 'euclidean': 0.016354754684954495, 'l1': 0.03156754825028772, 'manhattan': 0.03156754825028772}","{'cityblock': 0.03156754825028772, 'minkowski': 0.016354754684954426, 'euclidean': 0.016354754684954426, 'l1': 0.03156754825028772, 'manhattan': 0.03156754825028772}"
322,"{'cityblock': 0.03156754825028772, 'minkowski': 0.016354754684954426, 'euclidean': 0.016354754684954426, 'l1': 0.03156754825028772, 'manhattan': 0.03156754825028772}","{'cityblock': 0.03156754825028772, 'minkowski': 0.016354754684954495, 'euclidean': 0.016354754684954495, 'l1': 0.03156754825028772, 'manhattan': 0.03156754825028772}","{'cityblock': 0.03156754825028772, 'minkowski': 0.016354754684954426, 'euclidean': 0.016354754684954426, 'l1': 0.03156754825028772, 'manhattan': 0.03156754825028772}"
323,"{'cityblock': 0.03156754825028772, 'minkowski': 0.016354754684954426, 'euclidean': 0.016354754684954426, 'l1': 0.03156754825028772, 'manhattan': 0.03156754825028772}","{'cityblock': 0.03156754825028772, 'minkowski': 0.016354754684954495, 'euclidean': 0.016354754684954495, 'l1': 0.03156754825028772, 'manhattan': 0.03156754825028772}","{'cityblock': 0.03156754825028772, 'minkowski': 0.016354754684954426, 'euclidean': 0.016354754684954426, 'l1': 0.03156754825028772, 'manhattan': 0.03156754825028772}"
324,"{'cityblock': 0.03156754825028772, 'minkowski': 0.016354754684954426, 'euclidean': 0.016354754684954426, 'l1': 0.03156754825028772, 'manhattan': 0.03156754825028772}","{'cityblock': 0.03156754825028772, 'minkowski': 0.016354754684954495, 'euclidean': 0.016354754684954495, 'l1': 0.03156754825028772, 'manhattan': 0.03156754825028772}","{'cityblock': 0.03156754825028772, 'minkowski': 0.016354754684954426, 'euclidean': 0.016354754684954426, 'l1': 0.03156754825028772, 'manhattan': 0.03156754825028772}"
325,"{'cityblock': 0.03156754825028772, 'minkowski': 0.016354754684954426, 'euclidean': 0.016354754684954426, 'l1': 0.03156754825028772, 'manhattan': 0.03156754825028772}","{'cityblock': 0.03156754825028772, 'minkowski': 0.016354754684954495, 'euclidean': 0.016354754684954495, 'l1': 0.03156754825028772, 'manhattan': 0.03156754825028772}","{'cityblock': 0.03156754825028772, 'minkowski': 0.016354754684954426, 'euclidean': 0.016354754684954426, 'l1': 0.03156754825028772, 'manhattan': 0.03156754825028772}"
326,"{'cityblock': 0.03156754825028772, 'minkowski': 0.016354754684954426, 'euclidean': 0.016354754684954426, 'l1': 0.03156754825028772, 'manhattan': 0.03156754825028772}","{'cityblock': 0.03156754825028772, 'minkowski': 0.016354754684954495, 'euclidean': 0.016354754684954495, 'l1': 0.03156754825028772, 'manhattan': 0.03156754825028772}","{'cityblock': 0.03156754825028772, 'minkowski': 0.016354754684954426, 'euclidean': 0.016354754684954426, 'l1': 0.03156754825028772, 'manhattan': 0.03156754825028772}"
327,"{'cityblock': 0.03156754825028772, 'minkowski': 0.016354754684954426, 'euclidean': 0.016354754684954426, 'l1': 0.03156754825028772, 'manhattan': 0.03156754825028772}","{'cityblock': 0.03156754825028772, 'minkowski': 0.016354754684954495, 'euclidean': 0.016354754684954495, 'l1': 0.03156754825028772, 'manhattan': 0.03156754825028772}","{'cityblock': 0.03156754825028772, 'minkowski': 0.016354754684954426, 'euclidean': 0.016354754684954426, 'l1': 0.03156754825028772, 'manhattan': 0.03156754825028772}"
328,"{'cityblock': 0.03156754825028772, 'minkowski': 0.016354754684954426, 'euclidean': 0.016354754684954426, 'l1': 0.03156754825028772, 'manhattan': 0.03156754825028772}","{'cityblock': 0.03156754825028772, 'minkowski': 0.016354754684954495, 'euclidean': 0.016354754684954495, 'l1': 0.03156754825028772, 'manhattan': 0.03156754825028772}","{'cityblock': 0.03156754825028772, 'minkowski': 0.016354754684954426, 'euclidean': 0.016354754684954426, 'l1': 0.03156754825028772, 'manhattan': 0.03156754825028772}"
329,"{'cityblock': 0.03156754825028772, 'minkowski': 0.016354754684954426, 'euclidean': 0.016354754684954426, 'l1': 0.03156754825028772, 'manhattan': 0.03156754825028772}","{'cityblock': 0.03156754825028772, 'minkowski': 0.016354754684954495, 'euclidean': 0.016354754684954495, 'l1': 0.03156754825028772, 'manhattan': 0.03156754825028772}","{'cityblock': 0.03156754825028772, 'minkowski': 0.016354754684954426, 'euclidean': 0.016354754684954426, 'l1': 0.03156754825028772, 'manhattan': 0.03156754825028772}"
330,"{'cityblock': 0.03156754825028772, 'minkowski': 0.016354754684954426, 'euclidean': 0.016354754684954426, 'l1': 0.03156754825028772, 'manhattan': 0.03156754825028772}","{'cityblock': 0.03156754825028772, 'minkowski': 0.016354754684954495, 'euclidean': 0.016354754684954495, 'l1': 0.03156754825028772, 'manhattan': 0.03156754825028772}","{'cityblock': 0.03156754825028772, 'minkowski': 0.016354754684954426, 'euclidean': 0.016354754684954426, 'l1': 0.03156754825028772, 'manhattan': 0.03156754825028772}"
331,"{'cityblock': 0.03156754825028772, 'minkowski': 0.016354754684954426, 'euclidean': 0.016354754684954426, 'l1': 0.03156754825028772, 'manhattan': 0.03156754825028772}","{'cityblock': 0.03156754825028772, 'minkowski': 0.016354754684954495, 'euclidean': 0.016354754684954495, 'l1': 0.03156754825028772, 'manhattan': 0.03156754825028772}","{'cityblock': 0.03156754825028772, 'minkowski': 0.016354754684954426, 'euclidean': 0.016354754684954426, 'l1': 0.03156754825028772, 'manhattan': 0.03156754825028772}"
332,"{'cityblock': 0.03156754825028772, 'minkowski': 0.016354754684954426, 'euclidean': 0.016354754684954426, 'l1': 0.03156754825028772, 'manhattan': 0.03156754825028772}","{'cityblock': 0.03156754825028772, 'minkowski': 0.016354754684954495, 'euclidean': 0.016354754684954495, 'l1': 0.03156754825028772, 'manhattan': 0.03156754825028772}","{'cityblock': 0.03156754825028772, 'minkowski': 0.016354754684954426, 'euclidean': 0.016354754684954426, 'l1': 0.03156754825028772, 'manhattan': 0.03156754825028772}"
333,"{'cityblock': 0.03156754825028772, 'minkowski': 0.016354754684954426, 'euclidean': 0.016354754684954426, 'l1': 0.03156754825028772, 'manhattan': 0.03156754825028772}","{'cityblock': 0.03156754825028772, 'minkowski': 0.016354754684954495, 'euclidean': 0.016354754684954495, 'l1': 0.03156754825028772, 'manhattan': 0.03156754825028772}","{'cityblock': 0.03156754825028772, 'minkowski': 0.016354754684954426, 'euclidean': 0.016354754684954426, 'l1': 0.03156754825028772, 'manhattan': 0.03156754825028772}"
334,"{'cityblock': 0.03156754825028772, 'minkowski': 0.016354754684954426, 'euclidean': 0.016354754684954426, 'l1': 0.03156754825028772, 'manhattan': 0.03156754825028772}","{'cityblock': 0.03156754825028772, 'minkowski': 0.016354754684954495, 'euclidean': 0.016354754684954495, 'l1': 0.03156754825028772, 'manhattan': 0.03156754825028772}","{'cityblock': 0.03156754825028772, 'minkowski': 0.016354754684954426, 'euclidean': 0.016354754684954426, 'l1': 0.03156754825028772, 'manhattan': 0.03156754825028772}"
335,"{'cityblock': 0.03156754825028772, 'minkowski': 0.016354754684954426, 'euclidean': 0.016354754684954426, 'l1': 0.03156754825028772, 'manhattan': 0.03156754825028772}","{'cityblock': 0.03156754825028772, 'minkowski': 0.016354754684954495, 'euclidean': 0.016354754684954495, 'l1': 0.03156754825028772, 'manhattan': 0.03156754825028772}","{'cityblock': 0.03156754825028772, 'minkowski': 0.016354754684954426, 'euclidean': 0.016354754684954426, 'l1': 0.03156754825028772, 'manhattan': 0.03156754825028772}"
336,"{'cityblock': 0.03156754825028772, 'minkowski': 0.016354754684954426, 'euclidean': 0.016354754684954426, 'l1': 0.03156754825028772, 'manhattan': 0.03156754825028772}","{'cityblock': 0.03156754825028772, 'minkowski': 0.016354754684954495, 'euclidean': 0.016354754684954495, 'l1': 0.03156754825028772, 'manhattan': 0.03156754825028772}","{'cityblock': 0.03156754825028772, 'minkowski': 0.016354754684954426, 'euclidean': 0.016354754684954426, 'l1': 0.03156754825028772, 'manhattan': 0.03156754825028772}"
337,"{'cityblock': 0.03156754825028772, 'minkowski': 0.016354754684954426, 'euclidean': 0.016354754684954426, 'l1': 0.03156754825028772, 'manhattan': 0.03156754825028772}","{'cityblock': 0.03156754825028772, 'minkowski': 0.016354754684954495, 'euclidean': 0.016354754684954495, 'l1': 0.03156754825028772, 'manhattan': 0.03156754825028772}","{'cityblock': 0.03156754825028772, 'minkowski': 0.016354754684954426, 'euclidean': 0.016354754684954426, 'l1': 0.03156754825028772, 'manhattan': 0.03156754825028772}"
338,"{'cityblock': 0.03156754825028772, 'minkowski': 0.016354754684954426, 'euclidean': 0.016354754684954426, 'l1': 0.03156754825028772, 'manhattan': 0.03156754825028772}","{'cityblock': 0.03156754825028772, 'minkowski': 0.016354754684954495, 'euclidean': 0.016354754684954495, 'l1': 0.03156754825028772, 'manhattan': 0.03156754825028772}","{'cityblock': 0.03156754825028772, 'minkowski': 0.016354754684954426, 'euclidean': 0.016354754684954426, 'l1': 0.03156754825028772, 'manhattan': 0.03156754825028772}"
339,"{'cityblock': 0.03156754825028772, 'minkowski': 0.016354754684954426, 'euclidean': 0.016354754684954426, 'l1': 0.03156754825028772, 'manhattan': 0.03156754825028772}","{'cityblock': 0.03156754825028772, 'minkowski': 0.016354754684954495, 'euclidean': 0.016354754684954495, 'l1': 0.03156754825028772, 'manhattan': 0.03156754825028772}","{'cityblock': 0.03156754825028772, 'minkowski': 0.016354754684954426, 'euclidean': 0.016354754684954426, 'l1': 0.03156754825028772, 'manhattan': 0.03156754825028772}"
340,"{'cityblock': 0.03156754825028772, 'minkowski': 0.016354754684954426, 'euclidean': 0.016354754684954426, 'l1': 0.03156754825028772, 'manhattan': 0.03156754825028772}","{'cityblock': 0.03156754825028772, 'minkowski': 0.016354754684954495, 'euclidean': 0.016354754684954495, 'l1': 0.03156754825028772, 'manhattan': 0.03156754825028772}","{'cityblock': 0.03156754825028772, 'minkowski': 0.016354754684954426, 'euclidean': 0.016354754684954426, 'l1': 0.03156754825028772, 'manhattan': 0.03156754825028772}"
341,"{'cityblock': 0.03156754825028772, 'minkowski': 0.016354754684954426, 'euclidean': 0.016354754684954426, 'l1': 0.03156754825028772, 'manhattan': 0.03156754825028772}","{'cityblock': 0.03156754825028772, 'minkowski': 0.016354754684954495, 'euclidean': 0.016354754684954495, 'l1': 0.03156754825028772, 'manhattan': 0.03156754825028772}","{'cityblock': 0.03156754825028772, 'minkowski': 0.016354754684954426, 'euclidean': 0.016354754684954426, 'l1': 0.03156754825028772, 'manhattan': 0.03156754825028772}"
342,"{'cityblock': 0.03156754825028772, 'minkowski': 0.016354754684954426, 'euclidean': 0.016354754684954426, 'l1': 0.03156754825028772, 'manhattan': 0.03156754825028772}","{'cityblock': 0.03156754825028772, 'minkowski': 0.016354754684954495, 'euclidean': 0.016354754684954495, 'l1': 0.03156754825028772, 'manhattan': 0.03156754825028772}","{'cityblock': 0.03156754825028772, 'minkowski': 0.016354754684954426, 'euclidean': 0.016354754684954426, 'l1': 0.03156754825028772, 'manhattan': 0.03156754825028772}"
343,"{'cityblock': 0.03156754825028772, 'minkowski': 0.016354754684954426, 'euclidean': 0.016354754684954426, 'l1': 0.03156754825028772, 'manhattan': 0.03156754825028772}","{'cityblock': 0.03156754825028772, 'minkowski': 0.016354754684954495, 'euclidean': 0.016354754684954495, 'l1': 0.03156754825028772, 'manhattan': 0.03156754825028772}","{'cityblock': 0.03156754825028772, 'minkowski': 0.016354754684954426, 'euclidean': 0.016354754684954426, 'l1': 0.03156754825028772, 'manhattan': 0.03156754825028772}"
344,"{'cityblock': 0.03156754825028772, 'minkowski': 0.016354754684954426, 'euclidean': 0.016354754684954426, 'l1': 0.03156754825028772, 'manhattan': 0.03156754825028772}","{'cityblock': 0.03156754825028772, 'minkowski': 0.016354754684954495, 'euclidean': 0.016354754684954495, 'l1': 0.03156754825028772, 'manhattan': 0.03156754825028772}","{'cityblock': 0.03156754825028772, 'minkowski': 0.016354754684954426, 'euclidean': 0.016354754684954426, 'l1': 0.03156754825028772, 'manhattan': 0.03156754825028772}"
345,"{'cityblock': 0.03156754825028772, 'minkowski': 0.016354754684954426, 'euclidean': 0.016354754684954426, 'l1': 0.03156754825028772, 'manhattan': 0.03156754825028772}","{'cityblock': 0.03156754825028772, 'minkowski': 0.016354754684954495, 'euclidean': 0.016354754684954495, 'l1': 0.03156754825028772, 'manhattan': 0.03156754825028772}","{'cityblock': 0.03156754825028772, 'minkowski': 0.016354754684954426, 'euclidean': 0.016354754684954426, 'l1': 0.03156754825028772, 'manhattan': 0.03156754825028772}"
346,"{'cityblock': 0.03156754825028772, 'minkowski': 0.016354754684954426, 'euclidean': 0.016354754684954426, 'l1': 0.03156754825028772, 'manhattan': 0.03156754825028772}","{'cityblock': 0.03156754825028772, 'minkowski': 0.016354754684954495, 'euclidean': 0.016354754684954495, 'l1': 0.03156754825028772, 'manhattan': 0.03156754825028772}","{'cityblock': 0.03156754825028772, 'minkowski': 0.016354754684954426, 'euclidean': 0.016354754684954426, 'l1': 0.03156754825028772, 'manhattan': 0.03156754825028772}"
347,"{'cityblock': 0.03156754825028772, 'minkowski': 0.016354754684954426, 'euclidean': 0.016354754684954426, 'l1': 0.03156754825028772, 'manhattan': 0.03156754825028772}","{'cityblock': 0.03156754825028772, 'minkowski': 0.016354754684954495, 'euclidean': 0.016354754684954495, 'l1': 0.03156754825028772, 'manhattan': 0.03156754825028772}","{'cityblock': 0.03156754825028772, 'minkowski': 0.016354754684954426, 'euclidean': 0.016354754684954426, 'l1': 0.03156754825028772, 'manhattan': 0.03156754825028772}"
348,"{'cityblock': 0.03156754825028772, 'minkowski': 0.016354754684954426, 'euclidean': 0.016354754684954426, 'l1': 0.03156754825028772, 'manhattan': 0.03156754825028772}","{'cityblock': 0.03156754825028772, 'minkowski': 0.016354754684954495, 'euclidean': 0.016354754684954495, 'l1': 0.03156754825028772, 'manhattan': 0.03156754825028772}","{'cityblock': 0.03156754825028772, 'minkowski': 0.016354754684954426, 'euclidean': 0.016354754684954426, 'l1': 0.03156754825028772, 'manhattan': 0.03156754825028772}"
349,"{'cityblock': 0.03156754825028772, 'minkowski': 0.016354754684954426, 'euclidean': 0.016354754684954426, 'l1': 0.03156754825028772, 'manhattan': 0.03156754825028772}","{'cityblock': 0.03156754825028772, 'minkowski': 0.016354754684954495, 'euclidean': 0.016354754684954495, 'l1': 0.03156754825028772, 'manhattan': 0.03156754825028772}","{'cityblock': 0.03156754825028772, 'minkowski': 0.016354754684954426, 'euclidean': 0.016354754684954426, 'l1': 0.03156754825028772, 'manhattan': 0.03156754825028772}"
350,"{'cityblock': 0.03156754825028772, 'minkowski': 0.016354754684954426, 'euclidean': 0.016354754684954426, 'l1': 0.03156754825028772, 'manhattan': 0.03156754825028772}","{'cityblock': 0.03156754825028772, 'minkowski': 0.016354754684954495, 'euclidean': 0.016354754684954495, 'l1': 0.03156754825028772, 'manhattan': 0.03156754825028772}","{'cityblock': 0.03156754825028772, 'minkowski': 0.016354754684954426, 'euclidean': 0.016354754684954426, 'l1': 0.03156754825028772, 'manhattan': 0.03156754825028772}"
351,"{'cityblock': 0.03156754825028772, 'minkowski': 0.016354754684954426, 'euclidean': 0.016354754684954426, 'l1': 0.03156754825028772, 'manhattan': 0.03156754825028772}","{'cityblock': 0.03156754825028772, 'minkowski': 0.016354754684954495, 'euclidean': 0.016354754684954495, 'l1': 0.03156754825028772, 'manhattan': 0.03156754825028772}","{'cityblock': 0.03156754825028772, 'minkowski': 0.016354754684954426, 'euclidean': 0.016354754684954426, 'l1': 0.03156754825028772, 'manhattan': 0.03156754825028772}"
352,"{'cityblock': 0.03156754825028772, 'minkowski': 0.016354754684954426, 'euclidean': 0.016354754684954426, 'l1': 0.03156754825028772, 'manhattan': 0.03156754825028772}","{'cityblock': 0.03156754825028772, 'minkowski': 0.016354754684954495, 'euclidean': 0.016354754684954495, 'l1': 0.03156754825028772, 'manhattan': 0.03156754825028772}","{'cityblock': 0.03156754825028772, 'minkowski': 0.016354754684954426, 'euclidean': 0.016354754684954426, 'l1': 0.03156754825028772, 'manhattan': 0.03156754825028772}"
353,"{'cityblock': 0.03156754825028772, 'minkowski': 0.016354754684954426, 'euclidean': 0.016354754684954426, 'l1': 0.03156754825028772, 'manhattan': 0.03156754825028772}","{'cityblock': 0.03156754825028772, 'minkowski': 0.016354754684954495, 'euclidean': 0.016354754684954495, 'l1': 0.03156754825028772, 'manhattan': 0.03156754825028772}","{'cityblock': 0.03156754825028772, 'minkowski': 0.016354754684954426, 'euclidean': 0.016354754684954426, 'l1': 0.03156754825028772, 'manhattan': 0.03156754825028772}"
354,"{'cityblock': 0.03156754825028772, 'minkowski': 0.016354754684954426, 'euclidean': 0.016354754684954426, 'l1': 0.03156754825028772, 'manhattan': 0.03156754825028772}","{'cityblock': 0.03156754825028772, 'minkowski': 0.016354754684954495, 'euclidean': 0.016354754684954495, 'l1': 0.03156754825028772, 'manhattan': 0.03156754825028772}","{'cityblock': 0.03156754825028772, 'minkowski': 0.016354754684954426, 'euclidean': 0.016354754684954426, 'l1': 0.03156754825028772, 'manhattan': 0.03156754825028772}"
355,"{'cityblock': 0.03156754825028772, 'minkowski': 0.016354754684954426, 'euclidean': 0.016354754684954426, 'l1': 0.03156754825028772, 'manhattan': 0.03156754825028772}","{'cityblock': 0.03156754825028772, 'minkowski': 0.016354754684954495, 'euclidean': 0.016354754684954495, 'l1': 0.03156754825028772, 'manhattan': 0.03156754825028772}","{'cityblock': 0.03156754825028772, 'minkowski': 0.016354754684954426, 'euclidean': 0.016354754684954426, 'l1': 0.03156754825028772, 'manhattan': 0.03156754825028772}"
356,"{'cityblock': 0.03156754825028772, 'minkowski': 0.016354754684954426, 'euclidean': 0.016354754684954426, 'l1': 0.03156754825028772, 'manhattan': 0.03156754825028772}","{'cityblock': 0.03156754825028772, 'minkowski': 0.016354754684954495, 'euclidean': 0.016354754684954495, 'l1': 0.03156754825028772, 'manhattan': 0.03156754825028772}","{'cityblock': 0.03156754825028772, 'minkowski': 0.016354754684954426, 'euclidean': 0.016354754684954426, 'l1': 0.03156754825028772, 'manhattan': 0.03156754825028772}"
357,"{'cityblock': 0.03156754825028772, 'minkowski': 0.016354754684954426, 'euclidean': 0.016354754684954426, 'l1': 0.03156754825028772, 'manhattan': 0.03156754825028772}","{'cityblock': 0.03156754825028772, 'minkowski': 0.016354754684954495, 'euclidean': 0.016354754684954495, 'l1': 0.03156754825028772, 'manhattan': 0.03156754825028772}","{'cityblock': 0.03156754825028772, 'minkowski': 0.016354754684954426, 'euclidean': 0.016354754684954426, 'l1': 0.03156754825028772, 'manhattan': 0.03156754825028772}"
358,"{'cityblock': 0.03156754825028772, 'minkowski': 0.016354754684954426, 'euclidean': 0.016354754684954426, 'l1': 0.03156754825028772, 'manhattan': 0.03156754825028772}","{'cityblock': 0.03156754825028772, 'minkowski': 0.016354754684954495, 'euclidean': 0.016354754684954495, 'l1': 0.03156754825028772, 'manhattan': 0.03156754825028772}","{'cityblock': 0.03156754825028772, 'minkowski': 0.016354754684954426, 'euclidean': 0.016354754684954426, 'l1': 0.03156754825028772, 'manhattan': 0.03156754825028772}"
359,"{'cityblock': 0.03156754825028772, 'minkowski': 0.016354754684954426, 'euclidean': 0.016354754684954426, 'l1': 0.03156754825028772, 'manhattan': 0.03156754825028772}","{'cityblock': 0.03156754825028772, 'minkowski': 0.016354754684954495, 'euclidean': 0.016354754684954495, 'l1': 0.03156754825028772, 'manhattan': 0.03156754825028772}","{'cityblock': 0.03156754825028772, 'minkowski': 0.016354754684954426, 'euclidean': 0.016354754684954426, 'l1': 0.03156754825028772, 'manhattan': 0.03156754825028772}"
360,"{'cityblock': 0.03156754825028772, 'minkowski': 0.016354754684954426, 'euclidean': 0.016354754684954426, 'l1': 0.03156754825028772, 'manhattan': 0.03156754825028772}","{'cityblock': 0.03156754825028772, 'minkowski': 0.016354754684954495, 'euclidean': 0.016354754684954495, 'l1': 0.03156754825028772, 'manhattan': 0.03156754825028772}","{'cityblock': 0.03156754825028772, 'minkowski': 0.016354754684954426, 'euclidean': 0.016354754684954426, 'l1': 0.03156754825028772, 'manhattan': 0.03156754825028772}"
361,"{'cityblock': 0.03156754825028772, 'minkowski': 0.016354754684954426, 'euclidean': 0.016354754684954426, 'l1': 0.03156754825028772, 'manhattan': 0.03156754825028772}","{'cityblock': 0.03156754825028772, 'minkowski': 0.016354754684954495, 'euclidean': 0.016354754684954495, 'l1': 0.03156754825028772, 'manhattan': 0.03156754825028772}","{'cityblock': 0.03156754825028772, 'minkowski': 0.016354754684954426, 'euclidean': 0.016354754684954426, 'l1': 0.03156754825028772, 'manhattan': 0.03156754825028772}"
362,"{'cityblock': 0.03156754825028772, 'minkowski': 0.016354754684954426, 'euclidean': 0.016354754684954426, 'l1': 0.03156754825028772, 'manhattan': 0.03156754825028772}","{'cityblock': 0.03156754825028772, 'minkowski': 0.016354754684954495, 'euclidean': 0.016354754684954495, 'l1': 0.03156754825028772, 'manhattan': 0.03156754825028772}","{'cityblock': 0.03156754825028772, 'minkowski': 0.016354754684954426, 'euclidean': 0.016354754684954426, 'l1': 0.03156754825028772, 'manhattan': 0.03156754825028772}"
363,"{'cityblock': 0.03156754825028772, 'minkowski': 0.016354754684954426, 'euclidean': 0.016354754684954426, 'l1': 0.03156754825028772, 'manhattan': 0.03156754825028772}","{'cityblock': 0.03156754825028772, 'minkowski': 0.016354754684954495, 'euclidean': 0.016354754684954495, 'l1': 0.03156754825028772, 'manhattan': 0.03156754825028772}","{'cityblock': 0.03156754825028772, 'minkowski': 0.016354754684954426, 'euclidean': 0.016354754684954426, 'l1': 0.03156754825028772, 'manhattan': 0.03156754825028772}"
364,"{'cityblock': 0.03156754825028772, 'minkowski': 0.016354754684954426, 'euclidean': 0.016354754684954426, 'l1': 0.03156754825028772, 'manhattan': 0.03156754825028772}","{'cityblock': 0.03156754825028772, 'minkowski': 0.016354754684954495, 'euclidean': 0.016354754684954495, 'l1': 0.03156754825028772, 'manhattan': 0.03156754825028772}","{'cityblock': 0.03156754825028772, 'minkowski': 0.016354754684954426, 'euclidean': 0.016354754684954426, 'l1': 0.03156754825028772, 'manhattan': 0.03156754825028772}"
365,"{'cityblock': 0.03156754825028772, 'minkowski': 0.016354754684954426, 'euclidean': 0.016354754684954426, 'l1': 0.03156754825028772, 'manhattan': 0.03156754825028772}","{'cityblock': 0.03156754825028772, 'minkowski': 0.016354754684954495, 'euclidean': 0.016354754684954495, 'l1': 0.03156754825028772, 'manhattan': 0.03156754825028772}","{'cityblock': 0.03156754825028772, 'minkowski': 0.016354754684954426, 'euclidean': 0.016354754684954426, 'l1': 0.03156754825028772, 'manhattan': 0.03156754825028772}"
366,"{'cityblock': 0.03156754825028772, 'minkowski': 0.016354754684954426, 'euclidean': 0.016354754684954426, 'l1': 0.03156754825028772, 'manhattan': 0.03156754825028772}","{'cityblock': 0.03156754825028772, 'minkowski': 0.016354754684954495, 'euclidean': 0.016354754684954495, 'l1': 0.03156754825028772, 'manhattan': 0.03156754825028772}","{'cityblock': 0.03156754825028772, 'minkowski': 0.016354754684954426, 'euclidean': 0.016354754684954426, 'l1': 0.03156754825028772, 'manhattan': 0.03156754825028772}"
367,"{'cityblock': 0.03156754825028772, 'minkowski': 0.016354754684954426, 'euclidean': 0.016354754684954426, 'l1': 0.03156754825028772, 'manhattan': 0.03156754825028772}","{'cityblock': 0.03156754825028772, 'minkowski': 0.016354754684954495, 'euclidean': 0.016354754684954495, 'l1': 0.03156754825028772, 'manhattan': 0.03156754825028772}","{'cityblock': 0.03156754825028772, 'minkowski': 0.016354754684954426, 'euclidean': 0.016354754684954426, 'l1': 0.03156754825028772, 'manhattan': 0.03156754825028772}"
368,"{'cityblock': 0.03156754825028772, 'minkowski': 0.016354754684954426, 'euclidean': 0.016354754684954426, 'l1': 0.03156754825028772, 'manhattan': 0.03156754825028772}","{'cityblock': 0.03156754825028772, 'minkowski': 0.016354754684954495, 'euclidean': 0.016354754684954495, 'l1': 0.03156754825028772, 'manhattan': 0.03156754825028772}","{'cityblock': 0.03156754825028772, 'minkowski': 0.016354754684954426, 'euclidean': 0.016354754684954426, 'l1': 0.03156754825028772, 'manhattan': 0.03156754825028772}"
369,"{'cityblock': 0.03156754825028772, 'minkowski': 0.016354754684954426, 'euclidean': 0.016354754684954426, 'l1': 0.03156754825028772, 'manhattan': 0.03156754825028772}","{'cityblock': 0.03156754825028772, 'minkowski': 0.016354754684954495, 'euclidean': 0.016354754684954495, 'l1': 0.03156754825028772, 'manhattan': 0.03156754825028772}","{'cityblock': 0.03156754825028772, 'minkowski': 0.016354754684954426, 'euclidean': 0.016354754684954426, 'l1': 0.03156754825028772, 'manhattan': 0.03156754825028772}"
370,"{'cityblock': 0.03156754825028772, 'minkowski': 0.016354754684954426, 'euclidean': 0.016354754684954426, 'l1': 0.03156754825028772, 'manhattan': 0.03156754825028772}","{'cityblock': 0.03156754825028772, 'minkowski': 0.016354754684954495, 'euclidean': 0.016354754684954495, 'l1': 0.03156754825028772, 'manhattan': 0.03156754825028772}","{'cityblock': 0.03156754825028772, 'minkowski': 0.016354754684954426, 'euclidean': 0.016354754684954426, 'l1': 0.03156754825028772, 'manhattan': 0.03156754825028772}"
371,"{'cityblock': 0.03156754825028772, 'minkowski': 0.016354754684954426, 'euclidean': 0.016354754684954426, 'l1': 0.03156754825028772, 'manhattan': 0.03156754825028772}","{'cityblock': 0.03156754825028772, 'minkowski': 0.016354754684954495, 'euclidean': 0.016354754684954495, 'l1': 0.03156754825028772, 'manhattan': 0.03156754825028772}","{'cityblock': 0.03156754825028772, 'minkowski': 0.016354754684954426, 'euclidean': 0.016354754684954426, 'l1': 0.03156754825028772, 'manhattan': 0.03156754825028772}"
372,"{'cityblock': 0.03156754825028772, 'minkowski': 0.016354754684954426, 'euclidean': 0.016354754684954426, 'l1': 0.03156754825028772, 'manhattan': 0.03156754825028772}","{'cityblock': 0.03156754825028772, 'minkowski': 0.016354754684954495, 'euclidean': 0.016354754684954495, 'l1': 0.03156754825028772, 'manhattan': 0.03156754825028772}","{'cityblock': 0.03156754825028772, 'minkowski': 0.016354754684954426, 'euclidean': 0.016354754684954426, 'l1': 0.03156754825028772, 'manhattan': 0.03156754825028772}"
373,"{'cityblock': 0.03156754825028772, 'minkowski': 0.016354754684954426, 'euclidean': 0.016354754684954426, 'l1': 0.03156754825028772, 'manhattan': 0.03156754825028772}","{'cityblock': 0.03156754825028772, 'minkowski': 0.016354754684954495, 'euclidean': 0.016354754684954495, 'l1': 0.03156754825028772, 'manhattan': 0.03156754825028772}","{'cityblock': 0.03156754825028772, 'minkowski': 0.016354754684954426, 'euclidean': 0.016354754684954426, 'l1': 0.03156754825028772, 'manhattan': 0.03156754825028772}"
374,"{'cityblock': 0.03156754825028772, 'minkowski': 0.016354754684954426, 'euclidean': 0.016354754684954426, 'l1': 0.03156754825028772, 'manhattan': 0.03156754825028772}","{'cityblock': 0.03156754825028772, 'minkowski': 0.016354754684954495, 'euclidean': 0.016354754684954495, 'l1': 0.03156754825028772, 'manhattan': 0.03156754825028772}","{'cityblock': 0.03156754825028772, 'minkowski': 0.016354754684954426, 'euclidean': 0.016354754684954426, 'l1': 0.03156754825028772, 'manhattan': 0.03156754825028772}"
375,"{'cityblock': 0.03156754825028772, 'minkowski': 0.016354754684954426, 'euclidean': 0.016354754684954426, 'l1': 0.03156754825028772, 'manhattan': 0.03156754825028772}","{'cityblock': 0.03156754825028772, 'minkowski': 0.016354754684954495, 'euclidean': 0.016354754684954495, 'l1': 0.03156754825028772, 'manhattan': 0.03156754825028772}","{'cityblock': 0.03156754825028772, 'minkowski': 0.016354754684954426, 'euclidean': 0.016354754684954426, 'l1': 0.03156754825028772, 'manhattan': 0.03156754825028772}"
376,"{'cityblock': 0.03156754825028772, 'minkowski': 0.016354754684954426, 'euclidean': 0.016354754684954426, 'l1': 0.03156754825028772, 'manhattan': 0.03156754825028772}","{'cityblock': 0.03156754825028772, 'minkowski': 0.016354754684954495, 'euclidean': 0.016354754684954495, 'l1': 0.03156754825028772, 'manhattan': 0.03156754825028772}","{'cityblock': 0.03156754825028772, 'minkowski': 0.016354754684954426, 'euclidean': 0.016354754684954426, 'l1': 0.03156754825028772, 'manhattan': 0.03156754825028772}"
377,"{'cityblock': 0.03156754825028772, 'minkowski': 0.016354754684954426, 'euclidean': 0.016354754684954426, 'l1': 0.03156754825028772, 'manhattan': 0.03156754825028772}","{'cityblock': 0.03156754825028772, 'minkowski': 0.016354754684954495, 'euclidean': 0.016354754684954495, 'l1': 0.03156754825028772, 'manhattan': 0.03156754825028772}","{'cityblock': 0.03156754825028772, 'minkowski': 0.016354754684954426, 'euclidean': 0.016354754684954426, 'l1': 0.03156754825028772, 'manhattan': 0.03156754825028772}"
378,"{'cityblock': 0.03156754825028772, 'minkowski': 0.016354754684954426, 'euclidean': 0.016354754684954426, 'l1': 0.03156754825028772, 'manhattan': 0.03156754825028772}","{'cityblock': 0.03156754825028772, 'minkowski': 0.016354754684954495, 'euclidean': 0.016354754684954495, 'l1': 0.03156754825028772, 'manhattan': 0.03156754825028772}","{'cityblock': 0.03156754825028772, 'minkowski': 0.016354754684954426, 'euclidean': 0.016354754684954426, 'l1': 0.03156754825028772, 'manhattan': 0.03156754825028772}"
379,"{'cityblock': 0.03156754825028772, 'minkowski': 0.016354754684954426, 'euclidean': 0.016354754684954426, 'l1': 0.03156754825028772, 'manhattan': 0.03156754825028772}","{'cityblock': 0.03156754825028772, 'minkowski': 0.016354754684954495, 'euclidean': 0.016354754684954495, 'l1': 0.03156754825028772, 'manhattan': 0.03156754825028772}","{'cityblock': 0.03156754825028772, 'minkowski': 0.016354754684954426, 'euclidean': 0.016354754684954426, 'l1': 0.03156754825028772, 'manhattan': 0.03156754825028772}"
380,"{'cityblock': 0.03156754825028772, 'minkowski': 0.016354754684954426, 'euclidean': 0.016354754684954426, 'l1': 0.03156754825028772, 'manhattan': 0.03156754825028772}","{'cityblock': 0.03156754825028772, 'minkowski': 0.016354754684954495, 'euclidean': 0.016354754684954495, 'l1': 0.03156754825028772, 'manhattan': 0.03156754825028772}","{'cityblock': 0.03156754825028772, 'minkowski': 0.016354754684954426, 'euclidean': 0.016354754684954426, 'l1': 0.03156754825028772, 'manhattan': 0.03156754825028772}"
381,"{'cityblock': 0.03156754825028772, 'minkowski': 0.016354754684954426, 'euclidean': 0.016354754684954426, 'l1': 0.03156754825028772, 'manhattan': 0.03156754825028772}","{'cityblock': 0.03156754825028772, 'minkowski': 0.016354754684954495, 'euclidean': 0.016354754684954495, 'l1': 0.03156754825028772, 'manhattan': 0.03156754825028772}","{'cityblock': 0.03156754825028772, 'minkowski': 0.016354754684954426, 'euclidean': 0.016354754684954426, 'l1': 0.03156754825028772, 'manhattan': 0.03156754825028772}"
382,"{'cityblock': 0.03156754825028772, 'minkowski': 0.016354754684954426, 'euclidean': 0.016354754684954426, 'l1': 0.03156754825028772, 'manhattan': 0.03156754825028772}","{'cityblock': 0.03156754825028772, 'minkowski': 0.016354754684954495, 'euclidean': 0.016354754684954495, 'l1': 0.03156754825028772, 'manhattan': 0.03156754825028772}","{'cityblock': 0.03156754825028772, 'minkowski': 0.016354754684954426, 'euclidean': 0.016354754684954426, 'l1': 0.03156754825028772, 'manhattan': 0.03156754825028772}"
383,"{'cityblock': 0.03156754825028772, 'minkowski': 0.016354754684954426, 'euclidean': 0.016354754684954426, 'l1': 0.03156754825028772, 'manhattan': 0.03156754825028772}","{'cityblock': 0.03156754825028772, 'minkowski': 0.016354754684954495, 'euclidean': 0.016354754684954495, 'l1': 0.03156754825028772, 'manhattan': 0.03156754825028772}","{'cityblock': 0.03156754825028772, 'minkowski': 0.016354754684954426, 'euclidean': 0.016354754684954426, 'l1': 0.03156754825028772, 'manhattan': 0.03156754825028772}"
384,"{'cityblock': 0.03156754825028772, 'minkowski': 0.016354754684954426, 'euclidean': 0.016354754684954426, 'l1': 0.03156754825028772, 'manhattan': 0.03156754825028772}","{'cityblock': 0.03156754825028772, 'minkowski': 0.016354754684954495, 'euclidean': 0.016354754684954495, 'l1': 0.03156754825028772, 'manhattan': 0.03156754825028772}","{'cityblock': 0.03156754825028772, 'minkowski': 0.016354754684954426, 'euclidean': 0.016354754684954426, 'l1': 0.03156754825028772, 'manhattan': 0.03156754825028772}"
385,"{'cityblock': 0.03156754825028772, 'minkowski': 0.016354754684954426, 'euclidean': 0.016354754684954426, 'l1': 0.03156754825028772, 'manhattan': 0.03156754825028772}","{'cityblock': 0.03156754825028772, 'minkowski': 0.016354754684954495, 'euclidean': 0.016354754684954495, 'l1': 0.03156754825028772, 'manhattan': 0.03156754825028772}","{'cityblock': 0.03156754825028772, 'minkowski': 0.016354754684954426, 'euclidean': 0.016354754684954426, 'l1': 0.03156754825028772, 'manhattan': 0.03156754825028772}"
386,"{'cityblock': 0.03156754825028772, 'minkowski': 0.016354754684954426, 'euclidean': 0.016354754684954426, 'l1': 0.03156754825028772, 'manhattan': 0.03156754825028772}","{'cityblock': 0.03156754825028772, 'minkowski': 0.016354754684954495, 'euclidean': 0.016354754684954495, 'l1': 0.03156754825028772, 'manhattan': 0.03156754825028772}","{'cityblock': 0.03156754825028772, 'minkowski': 0.016354754684954426, 'euclidean': 0.016354754684954426, 'l1': 0.03156754825028772, 'manhattan': 0.03156754825028772}"
387,"{'cityblock': 0.03156754825028772, 'minkowski': 0.016354754684954426, 'euclidean': 0.016354754684954426, 'l1': 0.03156754825028772, 'manhattan': 0.03156754825028772}","{'cityblock': 0.03156754825028772, 'minkowski': 0.016354754684954495, 'euclidean': 0.016354754684954495, 'l1': 0.03156754825028772, 'manhattan': 0.03156754825028772}","{'cityblock': 0.03156754825028772, 'minkowski': 0.016354754684954426, 'euclidean': 0.016354754684954426, 'l1': 0.03156754825028772, 'manhattan': 0.03156754825028772}"
388,"{'cityblock': 0.03156754825028772, 'minkowski': 0.016354754684954426, 'euclidean': 0.016354754684954426, 'l1': 0.03156754825028772, 'manhattan': 0.03156754825028772}","{'cityblock': 0.03156754825028772, 'minkowski': 0.016354754684954495, 'euclidean': 0.016354754684954495, 'l1': 0.03156754825028772, 'manhattan': 0.03156754825028772}","{'cityblock': 0.03156754825028772, 'minkowski': 0.016354754684954426, 'euclidean': 0.016354754684954426, 'l1': 0.03156754825028772, 'manhattan': 0.03156754825028772}"
389,"{'cityblock': 0.03156754825028772, 'minkowski': 0.016354754684954426, 'euclidean': 0.016354754684954426, 'l1': 0.03156754825028772, 'manhattan': 0.03156754825028772}","{'cityblock': 0.03156754825028772, 'minkowski': 0.016354754684954495, 'euclidean': 0.016354754684954495, 'l1': 0.03156754825028772, 'manhattan': 0.03156754825028772}","{'cityblock': 0.03156754825028772, 'minkowski': 0.016354754684954426, 'euclidean': 0.016354754684954426, 'l1': 0.03156754825028772, 'manhattan': 0.03156754825028772}"
390,"{'cityblock': 0.03156754825028772, 'minkowski': 0.016354754684954426, 'euclidean': 0.016354754684954426, 'l1': 0.03156754825028772, 'manhattan': 0.03156754825028772}","{'cityblock': 0.03156754825028772, 'minkowski': 0.016354754684954495, 'euclidean': 0.016354754684954495, 'l1': 0.03156754825028772, 'manhattan': 0.03156754825028772}","{'cityblock': 0.03156754825028772, 'minkowski': 0.016354754684954426, 'euclidean': 0.016354754684954426, 'l1': 0.03156754825028772, 'manhattan': 0.03156754825028772}"
391,"{'cityblock': 0.03156754825028772, 'minkowski': 0.016354754684954426, 'euclidean': 0.016354754684954426, 'l1': 0.03156754825028772, 'manhattan': 0.03156754825028772}","{'cityblock': 0.03156754825028772, 'minkowski': 0.016354754684954495, 'euclidean': 0.016354754684954495, 'l1': 0.03156754825028772, 'manhattan': 0.03156754825028772}","{'cityblock': 0.03156754825028772, 'minkowski': 0.016354754684954426, 'euclidean': 0.016354754684954426, 'l1': 0.03156754825028772, 'manhattan': 0.03156754825028772}"
392,"{'cityblock': 0.03156754825028772, 'minkowski': 0.016354754684954426, 'euclidean': 0.016354754684954426, 'l1': 0.03156754825028772, 'manhattan': 0.03156754825028772}","{'cityblock': 0.03156754825028772, 'minkowski': 0.016354754684954495, 'euclidean': 0.016354754684954495, 'l1': 0.03156754825028772, 'manhattan': 0.03156754825028772}","{'cityblock': 0.03156754825028772, 'minkowski': 0.016354754684954426, 'euclidean': 0.016354754684954426, 'l1': 0.03156754825028772, 'manhattan': 0.03156754825028772}"
393,"{'cityblock': 0.03156754825028772, 'minkowski': 0.016354754684954426, 'euclidean': 0.016354754684954426, 'l1': 0.03156754825028772, 'manhattan': 0.03156754825028772}","{'cityblock': 0.03156754825028772, 'minkowski': 0.016354754684954495, 'euclidean': 0.016354754684954495, 'l1': 0.03156754825028772, 'manhattan': 0.03156754825028772}","{'cityblock': 0.03156754825028772, 'minkowski': 0.016354754684954426, 'euclidean': 0.016354754684954426, 'l1': 0.03156754825028772, 'manhattan': 0.03156754825028772}"
394,"{'cityblock': 0.03156754825028772, 'minkowski': 0.016354754684954426, 'euclidean': 0.016354754684954426, 'l1': 0.03156754825028772, 'manhattan': 0.03156754825028772}","{'cityblock': 0.03156754825028772, 'minkowski': 0.016354754684954495, 'euclidean': 0.016354754684954495, 'l1': 0.03156754825028772, 'manhattan': 0.03156754825028772}","{'cityblock': 0.03156754825028772, 'minkowski': 0.016354754684954426, 'euclidean': 0.016354754684954426, 'l1': 0.03156754825028772, 'manhattan': 0.03156754825028772}"
395,"{'cityblock': 0.03156754825028772, 'minkowski': 0.016354754684954426, 'euclidean': 0.016354754684954426, 'l1': 0.03156754825028772, 'manhattan': 0.03156754825028772}","{'cityblock': 0.03156754825028772, 'minkowski': 0.016354754684954495, 'euclidean': 0.016354754684954495, 'l1': 0.03156754825028772, 'manhattan': 0.03156754825028772}","{'cityblock': 0.03156754825028772, 'minkowski': 0.016354754684954426, 'euclidean': 0.016354754684954426, 'l1': 0.03156754825028772, 'manhattan': 0.03156754825028772}"
396,"{'cityblock': 0.03156754825028772, 'minkowski': 0.016354754684954426, 'euclidean': 0.016354754684954426, 'l1': 0.03156754825028772, 'manhattan': 0.03156754825028772}","{'cityblock': 0.03156754825028772, 'minkowski': 0.016354754684954495, 'euclidean': 0.016354754684954495, 'l1': 0.03156754825028772, 'manhattan': 0.03156754825028772}","{'cityblock': 0.03156754825028772, 'minkowski': 0.016354754684954426, 'euclidean': 0.016354754684954426, 'l1': 0.03156754825028772, 'manhattan': 0.03156754825028772}"
397,"{'cityblock': 0.03156754825028772, 'minkowski': 0.016354754684954426, 'euclidean': 0.016354754684954426, 'l1': 0.03156754825028772, 'manhattan': 0.03156754825028772}","{'cityblock': 0.03156754825028772, 'minkowski': 0.016354754684954495, 'euclidean': 0.016354754684954495, 'l1': 0.03156754825028772, 'manhattan': 0.03156754825028772}","{'cityblock': 0.03156754825028772, 'minkowski': 0.016354754684954426, 'euclidean': 0.016354754684954426, 'l1': 0.03156754825028772, 'manhattan': 0.03156754825028772}"
398,"{'cityblock': 0.03156754825028772, 'minkowski': 0.016354754684954426, 'euclidean': 0.016354754684954426, 'l1': 0.03156754825028772, 'manhattan': 0.03156754825028772}","{'cityblock': 0.03156754825028772, 'minkowski': 0.016354754684954495, 'euclidean': 0.016354754684954495, 'l1': 0.03156754825028772, 'manhattan': 0.03156754825028772}","{'cityblock': 0.03156754825028772, 'minkowski': 0.016354754684954426, 'euclidean': 0.016354754684954426, 'l1': 0.03156754825028772, 'manhattan': 0.03156754825028772}"
399,"{'cityblock': 0.03156754825028772, 'minkowski': 0.016354754684954426, 'euclidean': 0.016354754684954426, 'l1': 0.03156754825028772, 'manhattan': 0.03156754825028772}","{'cityblock': 0.03156754825028772, 'minkowski': 0.016354754684954495, 'euclidean': 0.016354754684954495, 'l1': 0.03156754825028772, 'manhattan': 0.03156754825028772}","{'cityblock': 0.03156754825028772, 'minkowski': 0.016354754684954426, 'euclidean': 0.016354754684954426, 'l1': 0.03156754825028772, 'manhattan': 0.03156754825028772}"
400,"{'cityblock': 0.03156754825028772, 'minkowski': 0.016354754684954426, 'euclidean': 0.016354754684954426, 'l1': 0.03156754825028772, 'manhattan': 0.03156754825028772}","{'cityblock': 0.03156754825028772, 'minkowski': 0.016354754684954495, 'euclidean': 0.016354754684954495, 'l1': 0.03156754825028772, 'manhattan': 0.03156754825028772}","{'cityblock': 0.03156754825028772, 'minkowski': 0.016354754684954426, 'euclidean': 0.016354754684954426, 'l1': 0.03156754825028772, 'manhattan': 0.03156754825028772}"
401,"{'cityblock': 0.03156754825028772, 'minkowski': 0.016354754684954426, 'euclidean': 0.016354754684954426, 'l1': 0.03156754825028772, 'manhattan': 0.03156754825028772}","{'cityblock': 0.03156754825028772, 'minkowski': 0.016354754684954495, 'euclidean': 0.016354754684954495, 'l1': 0.03156754825028772, 'manhattan': 0.03156754825028772}","{'cityblock': 0.03156754825028772, 'minkowski': 0.016354754684954426, 'euclidean': 0.016354754684954426, 'l1': 0.03156754825028772, 'manhattan': 0.03156754825028772}"
402,"{'cityblock': 0.03156754825028772, 'minkowski': 0.016354754684954426, 'euclidean': 0.016354754684954426, 'l1': 0.03156754825028772, 'manhattan': 0.03156754825028772}","{'cityblock': 0.03156754825028772, 'minkowski': 0.016354754684954495, 'euclidean': 0.016354754684954495, 'l1': 0.03156754825028772, 'manhattan': 0.03156754825028772}","{'cityblock': 0.03156754825028772, 'minkowski': 0.016354754684954426, 'euclidean': 0.016354754684954426, 'l1': 0.03156754825028772, 'manhattan': 0.03156754825028772}"
403,"{'cityblock': 0.03156754825028772, 'minkowski': 0.016354754684954426, 'euclidean': 0.016354754684954426, 'l1': 0.03156754825028772, 'manhattan': 0.03156754825028772}","{'cityblock': 0.03156754825028772, 'minkowski': 0.016354754684954495, 'euclidean': 0.016354754684954495, 'l1': 0.03156754825028772, 'manhattan': 0.03156754825028772}","{'cityblock': 0.03156754825028772, 'minkowski': 0.016354754684954426, 'euclidean': 0.016354754684954426, 'l1': 0.03156754825028772, 'manhattan': 0.03156754825028772}"
404,"{'cityblock': 0.03156754825028772, 'minkowski': 0.016354754684954426, 'euclidean': 0.016354754684954426, 'l1': 0.03156754825028772, 'manhattan': 0.03156754825028772}","{'cityblock': 0.03156754825028772, 'minkowski': 0.016354754684954495, 'euclidean': 0.016354754684954495, 'l1': 0.03156754825028772, 'manhattan': 0.03156754825028772}","{'cityblock': 0.03156754825028772, 'minkowski': 0.016354754684954426, 'euclidean': 0.016354754684954426, 'l1': 0.03156754825028772, 'manhattan': 0.03156754825028772}"
405,"{'cityblock': 0.03156754825028772, 'minkowski': 0.016354754684954426, 'euclidean': 0.016354754684954426, 'l1': 0.03156754825028772, 'manhattan': 0.03156754825028772}","{'cityblock': 0.03156754825028772, 'minkowski': 0.016354754684954495, 'euclidean': 0.016354754684954495, 'l1': 0.03156754825028772, 'manhattan': 0.03156754825028772}","{'cityblock': 0.03156754825028772, 'minkowski': 0.016354754684954426, 'euclidean': 0.016354754684954426, 'l1': 0.03156754825028772, 'manhattan': 0.03156754825028772}"
406,"{'cityblock': 0.03156754825028772, 'minkowski': 0.016354754684954426, 'euclidean': 0.016354754684954426, 'l1': 0.03156754825028772, 'manhattan': 0.03156754825028772}","{'cityblock': 0.03156754825028772, 'minkowski': 0.016354754684954495, 'euclidean': 0.016354754684954495, 'l1': 0.03156754825028772, 'manhattan': 0.03156754825028772}","{'cityblock': 0.03156754825028772, 'minkowski': 0.016354754684954426, 'euclidean': 0.016354754684954426, 'l1': 0.03156754825028772, 'manhattan': 0.03156754825028772}"
407,"{'cityblock': 0.03156754825028772, 'minkowski': 0.016354754684954426, 'euclidean': 0.016354754684954426, 'l1': 0.03156754825028772, 'manhattan': 0.03156754825028772}","{'cityblock': 0.03156754825028772, 'minkowski': 0.016354754684954495, 'euclidean': 0.016354754684954495, 'l1': 0.03156754825028772, 'manhattan': 0.03156754825028772}","{'cityblock': 0.03156754825028772, 'minkowski': 0.016354754684954426, 'euclidean': 0.016354754684954426, 'l1': 0.03156754825028772, 'manhattan': 0.03156754825028772}"
408,"{'cityblock': 0.03156754825028772, 'minkowski': 0.016354754684954426, 'euclidean': 0.016354754684954426, 'l1': 0.03156754825028772, 'manhattan': 0.03156754825028772}","{'cityblock': 0.03156754825028772, 'minkowski': 0.016354754684954495, 'euclidean': 0.016354754684954495, 'l1': 0.03156754825028772, 'manhattan': 0.03156754825028772}","{'cityblock': 0.03156754825028772, 'minkowski': 0.016354754684954426, 'euclidean': 0.016354754684954426, 'l1': 0.03156754825028772, 'manhattan': 0.03156754825028772}"
409,"{'cityblock': 0.03156754825028772, 'minkowski': 0.016354754684954426, 'euclidean': 0.016354754684954426, 'l1': 0.03156754825028772, 'manhattan': 0.03156754825028772}","{'cityblock': 0.03156754825028772, 'minkowski': 0.016354754684954495, 'euclidean': 0.016354754684954495, 'l1': 0.03156754825028772, 'manhattan': 0.03156754825028772}","{'cityblock': 0.03156754825028772, 'minkowski': 0.016354754684954426, 'euclidean': 0.016354754684954426, 'l1': 0.03156754825028772, 'manhattan': 0.03156754825028772}"
410,"{'cityblock': 0.03156754825028772, 'minkowski': 0.016354754684954426, 'euclidean': 0.016354754684954426, 'l1': 0.03156754825028772, 'manhattan': 0.03156754825028772}","{'cityblock': 0.03156754825028772, 'minkowski': 0.016354754684954495, 'euclidean': 0.016354754684954495, 'l1': 0.03156754825028772, 'manhattan': 0.03156754825028772}","{'cityblock': 0.03156754825028772, 'minkowski': 0.016354754684954426, 'euclidean': 0.016354754684954426, 'l1': 0.03156754825028772, 'manhattan': 0.03156754825028772}"
411,"{'cityblock': 0.03156754825028772, 'minkowski': 0.016354754684954426, 'euclidean': 0.016354754684954426, 'l1': 0.03156754825028772, 'manhattan': 0.03156754825028772}","{'cityblock': 0.03156754825028772, 'minkowski': 0.016354754684954495, 'euclidean': 0.016354754684954495, 'l1': 0.03156754825028772, 'manhattan': 0.03156754825028772}","{'cityblock': 0.03156754825028772, 'minkowski': 0.016354754684954426, 'euclidean': 0.016354754684954426, 'l1': 0.03156754825028772, 'manhattan': 0.03156754825028772}"
412,"{'cityblock': 0.03156754825028772, 'minkowski': 0.016354754684954426, 'euclidean': 0.016354754684954426, 'l1': 0.03156754825028772, 'manhattan': 0.03156754825028772}","{'cityblock': 0.03156754825028772, 'minkowski': 0.016354754684954495, 'euclidean': 0.016354754684954495, 'l1': 0.03156754825028772, 'manhattan': 0.03156754825028772}","{'cityblock': 0.03156754825028772, 'minkowski': 0.016354754684954426, 'euclidean': 0.016354754684954426, 'l1': 0.03156754825028772, 'manhattan': 0.03156754825028772}"
413,"{'cityblock': 0.03156754825028772, 'minkowski': 0.016354754684954426, 'euclidean': 0.016354754684954426, 'l1': 0.03156754825028772, 'manhattan': 0.03156754825028772}","{'cityblock': 0.03156754825028772, 'minkowski': 0.016354754684954495, 'euclidean': 0.016354754684954495, 'l1': 0.03156754825028772, 'manhattan': 0.03156754825028772}","{'cityblock': 0.03156754825028772, 'minkowski': 0.016354754684954426, 'euclidean': 0.016354754684954426, 'l1': 0.03156754825028772, 'manhattan': 0.03156754825028772}"
414,"{'cityblock': 0.03156754825028772, 'minkowski': 0.016354754684954426, 'euclidean': 0.016354754684954426, 'l1': 0.03156754825028772, 'manhattan': 0.03156754825028772}","{'cityblock': 0.03156754825028772, 'minkowski': 0.016354754684954495, 'euclidean': 0.016354754684954495, 'l1': 0.03156754825028772, 'manhattan': 0.03156754825028772}","{'cityblock': 0.03156754825028772, 'minkowski': 0.016354754684954426, 'euclidean': 0.016354754684954426, 'l1': 0.03156754825028772, 'manhattan': 0.03156754825028772}"
415,"{'cityblock': 0.03156754825028772, 'minkowski': 0.016354754684954426, 'euclidean': 0.016354754684954426, 'l1': 0.03156754825028772, 'manhattan': 0.03156754825028772}","{'cityblock': 0.03156754825028772, 'minkowski': 0.016354754684954495, 'euclidean': 0.016354754684954495, 'l1': 0.03156754825028772, 'manhattan': 0.03156754825028772}","{'cityblock': 0.03156754825028772, 'minkowski': 0.016354754684954426, 'euclidean': 0.016354754684954426, 'l1': 0.03156754825028772, 'manhattan': 0.03156754825028772}"
416,"{'cityblock': 0.03156754825028772, 'minkowski': 0.016354754684954426, 'euclidean': 0.016354754684954426, 'l1': 0.03156754825028772, 'manhattan': 0.03156754825028772}","{'cityblock': 0.03156754825028772, 'minkowski': 0.016354754684954495, 'euclidean': 0.016354754684954495, 'l1': 0.03156754825028772, 'manhattan': 0.03156754825028772}","{'cityblock': 0.03156754825028772, 'minkowski': 0.016354754684954426, 'euclidean': 0.016354754684954426, 'l1': 0.03156754825028772, 'manhattan': 0.03156754825028772}"
417,"{'cityblock': 0.03156754825028772, 'minkowski': 0.016354754684954426, 'euclidean': 0.016354754684954426, 'l1': 0.03156754825028772, 'manhattan': 0.03156754825028772}","{'cityblock': 0.03156754825028772, 'minkowski': 0.016354754684954495, 'euclidean': 0.016354754684954495, 'l1': 0.03156754825028772, 'manhattan': 0.03156754825028772}","{'cityblock': 0.03156754825028772, 'minkowski': 0.016354754684954426, 'euclidean': 0.016354754684954426, 'l1': 0.03156754825028772, 'manhattan': 0.03156754825028772}"
418,"{'cityblock': 0.03156754825028772, 'minkowski': 0.016354754684954426, 'euclidean': 0.016354754684954426, 'l1': 0.03156754825028772, 'manhattan': 0.03156754825028772}","{'cityblock': 0.03156754825028772, 'minkowski': 0.016354754684954495, 'euclidean': 0.016354754684954495, 'l1': 0.03156754825028772, 'manhattan': 0.03156754825028772}","{'cityblock': 0.03156754825028772, 'minkowski': 0.016354754684954426, 'euclidean': 0.016354754684954426, 'l1': 0.03156754825028772, 'manhattan': 0.03156754825028772}"
419,"{'cityblock': 0.03156754825028772, 'minkowski': 0.016354754684954426, 'euclidean': 0.016354754684954426, 'l1': 0.03156754825028772, 'manhattan': 0.03156754825028772}","{'cityblock': 0.03156754825028772, 'minkowski': 0.016354754684954495, 'euclidean': 0.016354754684954495, 'l1': 0.03156754825028772, 'manhattan': 0.03156754825028772}","{'cityblock': 0.03156754825028772, 'minkowski': 0.016354754684954426, 'euclidean': 0.016354754684954426, 'l1': 0.03156754825028772, 'manhattan': 0.03156754825028772}"
420,"{'cityblock': 0.03156754825028772, 'minkowski': 0.016354754684954426, 'euclidean': 0.016354754684954426, 'l1': 0.03156754825028772, 'manhattan': 0.03156754825028772}","{'cityblock': 0.03156754825028772, 'minkowski': 0.016354754684954495, 'euclidean': 0.016354754684954495, 'l1': 0.03156754825028772, 'manhattan': 0.03156754825028772}","{'cityblock': 0.03156754825028772, 'minkowski': 0.016354754684954426, 'euclidean': 0.016354754684954426, 'l1': 0.03156754825028772, 'manhattan': 0.03156754825028772}"
421,"{'cityblock': 0.03156754825028772, 'minkowski': 0.016354754684954426, 'euclidean': 0.016354754684954426, 'l1': 0.03156754825028772, 'manhattan': 0.03156754825028772}","{'cityblock': 0.03156754825028772, 'minkowski': 0.016354754684954495, 'euclidean': 0.016354754684954495, 'l1': 0.03156754825028772, 'manhattan': 0.03156754825028772}","{'cityblock': 0.03156754825028772, 'minkowski': 0.016354754684954426, 'euclidean': 0.016354754684954426, 'l1': 0.03156754825028772, 'manhattan': 0.03156754825028772}"
422,"{'cityblock': 0.03156754825028772, 'minkowski': 0.016354754684954426, 'euclidean': 0.016354754684954426, 'l1': 0.03156754825028772, 'manhattan': 0.03156754825028772}","{'cityblock': 0.03156754825028772, 'minkowski': 0.016354754684954495, 'euclidean': 0.016354754684954495, 'l1': 0.03156754825028772, 'manhattan': 0.03156754825028772}","{'cityblock': 0.03156754825028772, 'minkowski': 0.016354754684954426, 'euclidean': 0.016354754684954426, 'l1': 0.03156754825028772, 'manhattan': 0.03156754825028772}"
423,"{'cityblock': 0.03156754825028772, 'minkowski': 0.016354754684954426, 'euclidean': 0.016354754684954426, 'l1': 0.03156754825028772, 'manhattan': 0.03156754825028772}","{'cityblock': 0.03156754825028772, 'minkowski': 0.016354754684954495, 'euclidean': 0.016354754684954495, 'l1': 0.03156754825028772, 'manhattan': 0.03156754825028772}","{'cityblock': 0.03156754825028772, 'minkowski': 0.016354754684954426, 'euclidean': 0.016354754684954426, 'l1': 0.03156754825028772, 'manhattan': 0.03156754825028772}"
424,"{'cityblock': 0.03156754825028772, 'minkowski': 0.016354754684954426, 'euclidean': 0.016354754684954426, 'l1': 0.03156754825028772, 'manhattan': 0.03156754825028772}","{'cityblock': 0.03156754825028772, 'minkowski': 0.016354754684954495, 'euclidean': 0.016354754684954495, 'l1': 0.03156754825028772, 'manhattan': 0.03156754825028772}","{'cityblock': 0.03156754825028772, 'minkowski': 0.016354754684954426, 'euclidean': 0.016354754684954426, 'l1': 0.03156754825028772, 'manhattan': 0.03156754825028772}"
425,"{'cityblock': 0.03156754825028772, 'minkowski': 0.016354754684954426, 'euclidean': 0.016354754684954426, 'l1': 0.03156754825028772, 'manhattan': 0.03156754825028772}","{'cityblock': 0.03156754825028772, 'minkowski': 0.016354754684954495, 'euclidean': 0.016354754684954495, 'l1': 0.03156754825028772, 'manhattan': 0.03156754825028772}","{'cityblock': 0.03156754825028772, 'minkowski': 0.016354754684954426, 'euclidean': 0.016354754684954426, 'l1': 0.03156754825028772, 'manhattan': 0.03156754825028772}"
426,"{'cityblock': 0.03156754825028772, 'minkowski': 0.016354754684954426, 'euclidean': 0.016354754684954426, 'l1': 0.03156754825028772, 'manhattan': 0.03156754825028772}","{'cityblock': 0.03156754825028772, 'minkowski': 0.016354754684954495, 'euclidean': 0.016354754684954495, 'l1': 0.03156754825028772, 'manhattan': 0.03156754825028772}","{'cityblock': 0.03156754825028772, 'minkowski': 0.016354754684954426, 'euclidean': 0.016354754684954426, 'l1': 0.03156754825028772, 'manhattan': 0.03156754825028772}"
427,"{'cityblock': 0.03156754825028772, 'minkowski': 0.016354754684954426, 'euclidean': 0.016354754684954426, 'l1': 0.03156754825028772, 'manhattan': 0.03156754825028772}","{'cityblock': 0.03156754825028772, 'minkowski': 0.016354754684954495, 'euclidean': 0.016354754684954495, 'l1': 0.03156754825028772, 'manhattan': 0.03156754825028772}","{'cityblock': 0.03156754825028772, 'minkowski': 0.016354754684954426, 'euclidean': 0.016354754684954426, 'l1': 0.03156754825028772, 'manhattan': 0.03156754825028772}"
428,"{'cityblock': 0.03156754825028772, 'minkowski': 0.016354754684954426, 'euclidean': 0.016354754684954426, 'l1': 0.03156754825028772, 'manhattan': 0.03156754825028772}","{'cityblock': 0.03156754825028772, 'minkowski': 0.016354754684954495, 'euclidean': 0.016354754684954495, 'l1': 0.03156754825028772, 'manhattan': 0.03156754825028772}","{'cityblock': 0.03156754825028772, 'minkowski': 0.016354754684954426, 'euclidean': 0.016354754684954426, 'l1': 0.03156754825028772, 'manhattan': 0.03156754825028772}"
429,"{'cityblock': 0.03156754825028772, 'minkowski': 0.016354754684954426, 'euclidean': 0.016354754684954426, 'l1': 0.03156754825028772, 'manhattan': 0.03156754825028772}","{'cityblock': 0.03156754825028772, 'minkowski': 0.016354754684954495, 'euclidean': 0.016354754684954495, 'l1': 0.03156754825028772, 'manhattan': 0.03156754825028772}","{'cityblock': 0.03156754825028772, 'minkowski': 0.016354754684954426, 'euclidean': 0.016354754684954426, 'l1': 0.03156754825028772, 'manhattan': 0.03156754825028772}"
430,"{'cityblock': 0.03156754825028772, 'minkowski': 0.016354754684954426, 'euclidean': 0.016354754684954426, 'l1': 0.03156754825028772, 'manhattan': 0.03156754825028772}","{'cityblock': 0.03156754825028772, 'minkowski': 0.016354754684954495, 'euclidean': 0.016354754684954495, 'l1': 0.03156754825028772, 'manhattan': 0.03156754825028772}","{'cityblock': 0.03156754825028772, 'minkowski': 0.016354754684954426, 'euclidean': 0.016354754684954426, 'l1': 0.03156754825028772, 'manhattan': 0.03156754825028772}"
431,"{'cityblock': 0.03156754825028772, 'minkowski': 0.016354754684954426, 'euclidean': 0.016354754684954426, 'l1': 0.03156754825028772, 'manhattan': 0.03156754825028772}","{'cityblock': 0.03156754825028772, 'minkowski': 0.016354754684954495, 'euclidean': 0.016354754684954495, 'l1': 0.03156754825028772, 'manhattan': 0.03156754825028772}","{'cityblock': 0.03156754825028772, 'minkowski': 0.016354754684954426, 'euclidean': 0.016354754684954426, 'l1': 0.03156754825028772, 'manhattan': 0.03156754825028772}"
432,"{'cityblock': 0.03156754825028772, 'minkowski': 0.016354754684954426, 'euclidean': 0.016354754684954426, 'l1': 0.03156754825028772, 'manhattan': 0.03156754825028772}","{'cityblock': 0.03156754825028772, 'minkowski': 0.016354754684954495, 'euclidean': 0.016354754684954495, 'l1': 0.03156754825028772, 'manhattan': 0.03156754825028772}","{'cityblock': 0.03156754825028772, 'minkowski': 0.016354754684954426, 'euclidean': 0.016354754684954426, 'l1': 0.03156754825028772, 'manhattan': 0.03156754825028772}"
433,"{'cityblock': 0.03156754825028772, 'minkowski': 0.016354754684954426, 'euclidean': 0.016354754684954426, 'l1': 0.03156754825028772, 'manhattan': 0.03156754825028772}","{'cityblock': 0.03156754825028772, 'minkowski': 0.016354754684954495, 'euclidean': 0.016354754684954495, 'l1': 0.03156754825028772, 'manhattan': 0.03156754825028772}","{'cityblock': 0.03156754825028772, 'minkowski': 0.016354754684954426, 'euclidean': 0.016354754684954426, 'l1': 0.03156754825028772, 'manhattan': 0.03156754825028772}"
434,"{'cityblock': 0.03156754825028772, 'minkowski': 0.016354754684954426, 'euclidean': 0.016354754684954426, 'l1': 0.03156754825028772, 'manhattan': 0.03156754825028772}","{'cityblock': 0.03156754825028772, 'minkowski': 0.016354754684954495, 'euclidean': 0.016354754684954495, 'l1': 0.03156754825028772, 'manhattan': 0.03156754825028772}","{'cityblock': 0.03156754825028772, 'minkowski': 0.016354754684954426, 'euclidean': 0.016354754684954426, 'l1': 0.03156754825028772, 'manhattan': 0.03156754825028772}"
435,"{'cityblock': 0.03156754825028772, 'minkowski': 0.016354754684954426, 'euclidean': 0.016354754684954426, 'l1': 0.03156754825028772, 'manhattan': 0.03156754825028772}","{'cityblock': 0.03156754825028772, 'minkowski': 0.016354754684954495, 'euclidean': 0.016354754684954495, 'l1': 0.03156754825028772, 'manhattan': 0.03156754825028772}","{'cityblock': 0.03156754825028772, 'minkowski': 0.016354754684954426, 'euclidean': 0.016354754684954426, 'l1': 0.03156754825028772, 'manhattan': 0.03156754825028772}"
436,"{'cityblock': 0.03156754825028772, 'minkowski': 0.016354754684954426, 'euclidean': 0.016354754684954426, 'l1': 0.03156754825028772, 'manhattan': 0.03156754825028772}","{'cityblock': 0.03156754825028772, 'minkowski': 0.016354754684954495, 'euclidean': 0.016354754684954495, 'l1': 0.03156754825028772, 'manhattan': 0.03156754825028772}","{'cityblock': 0.03156754825028772, 'minkowski': 0.016354754684954426, 'euclidean': 0.016354754684954426, 'l1': 0.03156754825028772, 'manhattan': 0.03156754825028772}"
437,"{'cityblock': 0.03156754825028772, 'minkowski': 0.016354754684954426, 'euclidean': 0.016354754684954426, 'l1': 0.03156754825028772, 'manhattan': 0.03156754825028772}","{'cityblock': 0.03156754825028772, 'minkowski': 0.016354754684954495, 'euclidean': 0.016354754684954495, 'l1': 0.03156754825028772, 'manhattan': 0.03156754825028772}","{'cityblock': 0.03156754825028772, 'minkowski': 0.016354754684954426, 'euclidean': 0.016354754684954426, 'l1': 0.03156754825028772, 'manhattan': 0.03156754825028772}"
438,"{'cityblock': 0.03156754825028772, 'minkowski': 0.016354754684954426, 'euclidean': 0.016354754684954426, 'l1': 0.03156754825028772, 'manhattan': 0.03156754825028772}","{'cityblock': 0.03156754825028772, 'minkowski': 0.016354754684954495, 'euclidean': 0.016354754684954495, 'l1': 0.03156754825028772, 'manhattan': 0.03156754825028772}","{'cityblock': 0.03156754825028772, 'minkowski': 0.016354754684954426, 'euclidean': 0.016354754684954426, 'l1': 0.03156754825028772, 'manhattan': 0.03156754825028772}"
439,"{'cityblock': 0.03156754825028772, 'minkowski': 0.016354754684954426, 'euclidean': 0.016354754684954426, 'l1': 0.03156754825028772, 'manhattan': 0.03156754825028772}","{'cityblock': 0.03156754825028772, 'minkowski': 0.016354754684954495, 'euclidean': 0.016354754684954495, 'l1': 0.03156754825028772, 'manhattan': 0.03156754825028772}","{'cityblock': 0.03156754825028772, 'minkowski': 0.016354754684954426, 'euclidean': 0.016354754684954426, 'l1': 0.03156754825028772, 'manhattan': 0.03156754825028772}"
440,"{'cityblock': 0.03156754825028772, 'minkowski': 0.016354754684954426, 'euclidean': 0.016354754684954426, 'l1': 0.03156754825028772, 'manhattan': 0.03156754825028772}","{'cityblock': 0.03156754825028772, 'minkowski': 0.016354754684954495, 'euclidean': 0.016354754684954495, 'l1': 0.03156754825028772, 'manhattan': 0.03156754825028772}","{'cityblock': 0.03156754825028772, 'minkowski': 0.016354754684954426, 'euclidean': 0.016354754684954426, 'l1': 0.03156754825028772, 'manhattan': 0.03156754825028772}"
441,"{'cityblock': 0.03156754825028772, 'minkowski': 0.016354754684954426, 'euclidean': 0.016354754684954426, 'l1': 0.03156754825028772, 'manhattan': 0.03156754825028772}","{'cityblock': 0.03156754825028772, 'minkowski': 0.016354754684954495, 'euclidean': 0.016354754684954495, 'l1': 0.03156754825028772, 'manhattan': 0.03156754825028772}","{'cityblock': 0.03156754825028772, 'minkowski': 0.016354754684954426, 'euclidean': 0.016354754684954426, 'l1': 0.03156754825028772, 'manhattan': 0.03156754825028772}"
442,"{'cityblock': 0.03156754825028772, 'minkowski': 0.016354754684954426, 'euclidean': 0.016354754684954426, 'l1': 0.03156754825028772, 'manhattan': 0.03156754825028772}","{'cityblock': 0.03156754825028772, 'minkowski': 0.016354754684954495, 'euclidean': 0.016354754684954495, 'l1': 0.03156754825028772, 'manhattan': 0.03156754825028772}","{'cityblock': 0.03156754825028772, 'minkowski': 0.016354754684954426, 'euclidean': 0.016354754684954426, 'l1': 0.03156754825028772, 'manhattan': 0.03156754825028772}"
443,"{'cityblock': 0.03156754825028772, 'minkowski': 0.016354754684954426, 'euclidean': 0.016354754684954426, 'l1': 0.03156754825028772, 'manhattan': 0.03156754825028772}","{'cityblock': 0.03156754825028772, 'minkowski': 0.016354754684954495, 'euclidean': 0.016354754684954495, 'l1': 0.03156754825028772, 'manhattan': 0.03156754825028772}","{'cityblock': 0.03156754825028772, 'minkowski': 0.016354754684954426, 'euclidean': 0.016354754684954426, 'l1': 0.03156754825028772, 'manhattan': 0.03156754825028772}"
444,"{'cityblock': 0.03156754825028772, 'minkowski': 0.016354754684954426, 'euclidean': 0.016354754684954426, 'l1': 0.03156754825028772, 'manhattan': 0.03156754825028772}","{'cityblock': 0.03156754825028772, 'minkowski': 0.016354754684954495, 'euclidean': 0.016354754684954495, 'l1': 0.03156754825028772, 'manhattan': 0.03156754825028772}","{'cityblock': 0.03156754825028772, 'minkowski': 0.016354754684954426, 'euclidean': 0.016354754684954426, 'l1': 0.03156754825028772, 'manhattan': 0.03156754825028772}"
445,"{'cityblock': 0.03156754825028772, 'minkowski': 0.016354754684954426, 'euclidean': 0.016354754684954426, 'l1': 0.03156754825028772, 'manhattan': 0.03156754825028772}","{'cityblock': 0.03156754825028772, 'minkowski': 0.016354754684954495, 'euclidean': 0.016354754684954495, 'l1': 0.03156754825028772, 'manhattan': 0.03156754825028772}","{'cityblock': 0.03156754825028772, 'minkowski': 0.016354754684954426, 'euclidean': 0.016354754684954426, 'l1': 0.03156754825028772, 'manhattan': 0.03156754825028772}"
446,"{'cityblock': 0.03156754825028772, 'minkowski': 0.016354754684954426, 'euclidean': 0.016354754684954426, 'l1': 0.03156754825028772, 'manhattan': 0.03156754825028772}","{'cityblock': 0.03156754825028772, 'minkowski': 0.016354754684954495, 'euclidean': 0.016354754684954495, 'l1': 0.03156754825028772, 'manhattan': 0.03156754825028772}","{'cityblock': 0.03156754825028772, 'minkowski': 0.016354754684954426, 'euclidean': 0.016354754684954426, 'l1': 0.03156754825028772, 'manhattan': 0.03156754825028772}"
447,"{'cityblock': 0.03156754825028772, 'minkowski': 0.016354754684954426, 'euclidean': 0.016354754684954426, 'l1': 0.03156754825028772, 'manhattan': 0.03156754825028772}","{'cityblock': 0.03156754825028772, 'minkowski': 0.016354754684954495, 'euclidean': 0.016354754684954495, 'l1': 0.03156754825028772, 'manhattan': 0.03156754825028772}","{'cityblock': 0.03156754825028772, 'minkowski': 0.016354754684954426, 'euclidean': 0.016354754684954426, 'l1': 0.03156754825028772, 'manhattan': 0.03156754825028772}"
448,"{'cityblock': 0.03156754825028772, 'minkowski': 0.016354754684954426, 'euclidean': 0.016354754684954426, 'l1': 0.03156754825028772, 'manhattan': 0.03156754825028772}","{'cityblock': 0.03156754825028772, 'minkowski': 0.016354754684954495, 'euclidean': 0.016354754684954495, 'l1': 0.03156754825028772, 'manhattan': 0.03156754825028772}","{'cityblock': 0.03156754825028772, 'minkowski': 0.016354754684954426, 'euclidean': 0.016354754684954426, 'l1': 0.03156754825028772, 'manhattan': 0.03156754825028772}"
449,"{'cityblock': 0.03156754825028772, 'minkowski': 0.016354754684954426, 'euclidean': 0.016354754684954426, 'l1': 0.03156754825028772, 'manhattan': 0.03156754825028772}","{'cityblock': 0.03156754825028772, 'minkowski': 0.016354754684954495, 'euclidean': 0.016354754684954495, 'l1': 0.03156754825028772, 'manhattan': 0.03156754825028772}","{'cityblock': 0.03156754825028772, 'minkowski': 0.016354754684954426, 'euclidean': 0.016354754684954426, 'l1': 0.03156754825028772, 'manhattan': 0.03156754825028772}"
450,"{'cityblock': 0.03156754825028772, 'minkowski': 0.016354754684954426, 'euclidean': 0.016354754684954426, 'l1': 0.03156754825028772, 'manhattan': 0.03156754825028772}","{'cityblock': 0.03156754825028772, 'minkowski': 0.016354754684954495, 'euclidean': 0.016354754684954495, 'l1': 0.03156754825028772, 'manhattan': 0.03156754825028772}","{'cityblock': 0.03156754825028772, 'minkowski': 0.016354754684954426, 'euclidean': 0.016354754684954426, 'l1': 0.03156754825028772, 'manhattan': 0.03156754825028772}"
451,"{'cityblock': 0.03156754825028772, 'minkowski': 0.016354754684954426, 'euclidean': 0.016354754684954426, 'l1': 0.03156754825028772, 'manhattan': 0.03156754825028772}","{'cityblock': 0.03156754825028772, 'minkowski': 0.016354754684954495, 'euclidean': 0.016354754684954495, 'l1': 0.03156754825028772, 'manhattan': 0.03156754825028772}","{'cityblock': 0.03156754825028772, 'minkowski': 0.016354754684954426, 'euclidean': 0.016354754684954426, 'l1': 0.03156754825028772, 'manhattan': 0.03156754825028772}"
452,"{'cityblock': 0.03156754825028772, 'minkowski': 0.016354754684954426, 'euclidean': 0.016354754684954426, 'l1': 0.03156754825028772, 'manhattan': 0.03156754825028772}","{'cityblock': 0.03156754825028772, 'minkowski': 0.016354754684954495, 'euclidean': 0.016354754684954495, 'l1': 0.03156754825028772, 'manhattan': 0.03156754825028772}","{'cityblock': 0.03156754825028772, 'minkowski': 0.016354754684954426, 'euclidean': 0.016354754684954426, 'l1': 0.03156754825028772, 'manhattan': 0.03156754825028772}"
453,"{'cityblock': 0.03156754825028772, 'minkowski': 0.016354754684954426, 'euclidean': 0.016354754684954426, 'l1': 0.03156754825028772, 'manhattan': 0.03156754825028772}","{'cityblock': 0.03156754825028772, 'minkowski': 0.016354754684954495, 'euclidean': 0.016354754684954495, 'l1': 0.03156754825028772, 'manhattan': 0.03156754825028772}","{'cityblock': 0.03156754825028772, 'minkowski': 0.016354754684954426, 'euclidean': 0.016354754684954426, 'l1': 0.03156754825028772, 'manhattan': 0.03156754825028772}"
454,"{'cityblock': 0.03156754825028772, 'minkowski': 0.016354754684954426, 'euclidean': 0.016354754684954426, 'l1': 0.03156754825028772, 'manhattan': 0.03156754825028772}","{'cityblock': 0.03156754825028772, 'minkowski': 0.016354754684954495, 'euclidean': 0.016354754684954495, 'l1': 0.03156754825028772, 'manhattan': 0.03156754825028772}","{'cityblock': 0.03156754825028772, 'minkowski': 0.016354754684954426, 'euclidean': 0.016354754684954426, 'l1': 0.03156754825028772, 'manhattan': 0.03156754825028772}"
455,"{'cityblock': 0.03156754825028772, 'minkowski': 0.016354754684954426, 'euclidean': 0.016354754684954426, 'l1': 0.03156754825028772, 'manhattan': 0.03156754825028772}","{'cityblock': 0.03156754825028772, 'minkowski': 0.016354754684954495, 'euclidean': 0.016354754684954495, 'l1': 0.03156754825028772, 'manhattan': 0.03156754825028772}","{'cityblock': 0.03156754825028772, 'minkowski': 0.016354754684954426, 'euclidean': 0.016354754684954426, 'l1': 0.03156754825028772, 'manhattan': 0.03156754825028772}"
456,"{'cityblock': 0.03156754825028772, 'minkowski': 0.016354754684954426, 'euclidean': 0.016354754684954426, 'l1': 0.03156754825028772, 'manhattan': 0.03156754825028772}","{'cityblock': 0.03156754825028772, 'minkowski': 0.016354754684954495, 'euclidean': 0.016354754684954495, 'l1': 0.03156754825028772, 'manhattan': 0.03156754825028772}","{'cityblock': 0.03156754825028772, 'minkowski': 0.016354754684954426, 'euclidean': 0.016354754684954426, 'l1': 0.03156754825028772, 'manhattan': 0.03156754825028772}"
457,"{'cityblock': 0.03156754825028772, 'minkowski': 0.016354754684954426, 'euclidean': 0.016354754684954426, 'l1': 0.03156754825028772, 'manhattan': 0.03156754825028772}","{'cityblock': 0.03156754825028772, 'minkowski': 0.016354754684954495, 'euclidean': 0.016354754684954495, 'l1': 0.03156754825028772, 'manhattan': 0.03156754825028772}","{'cityblock': 0.03156754825028772, 'minkowski': 0.016354754684954426, 'euclidean': 0.016354754684954426, 'l1': 0.03156754825028772, 'manhattan': 0.03156754825028772}"
458,"{'cityblock': 0.03156754825028772, 'minkowski': 0.016354754684954426, 'euclidean': 0.016354754684954426, 'l1': 0.03156754825028772, 'manhattan': 0.03156754825028772}","{'cityblock': 0.03156754825028772, 'minkowski': 0.016354754684954495, 'euclidean': 0.016354754684954495, 'l1': 0.03156754825028772, 'manhattan': 0.03156754825028772}","{'cityblock': 0.03156754825028772, 'minkowski': 0.016354754684954426, 'euclidean': 0.016354754684954426, 'l1': 0.03156754825028772, 'manhattan': 0.03156754825028772}"
459,"{'cityblock': 0.03156754825028772, 'minkowski': 0.016354754684954426, 'euclidean': 0.016354754684954426, 'l1': 0.03156754825028772, 'manhattan': 0.03156754825028772}","{'cityblock': 0.03156754825028772, 'minkowski': 0.016354754684954495, 'euclidean': 0.016354754684954495, 'l1': 0.03156754825028772, 'manhattan': 0.03156754825028772}","{'cityblock': 0.03156754825028772, 'minkowski': 0.016354754684954426, 'euclidean': 0.016354754684954426, 'l1': 0.03156754825028772, 'manhattan': 0.03156754825028772}"
460,"{'cityblock': 0.03156754825028772, 'minkowski': 0.016354754684954426, 'euclidean': 0.016354754684954426, 'l1': 0.03156754825028772, 'manhattan': 0.03156754825028772}","{'cityblock': 0.03156754825028772, 'minkowski': 0.016354754684954495, 'euclidean': 0.016354754684954495, 'l1': 0.03156754825028772, 'manhattan': 0.03156754825028772}","{'cityblock': 0.03156754825028772, 'minkowski': 0.016354754684954426, 'euclidean': 0.016354754684954426, 'l1': 0.03156754825028772, 'manhattan': 0.03156754825028772}"
461,"{'cityblock': 0.03156754825028772, 'minkowski': 0.016354754684954426, 'euclidean': 0.016354754684954426, 'l1': 0.03156754825028772, 'manhattan': 0.03156754825028772}","{'cityblock': 0.03156754825028772, 'minkowski': 0.016354754684954495, 'euclidean': 0.016354754684954495, 'l1': 0.03156754825028772, 'manhattan': 0.03156754825028772}","{'cityblock': 0.03156754825028772, 'minkowski': 0.016354754684954426, 'euclidean': 0.016354754684954426, 'l1': 0.03156754825028772, 'manhattan': 0.03156754825028772}"
462,"{'cityblock': 0.03156754825028772, 'minkowski': 0.016354754684954426, 'euclidean': 0.016354754684954426, 'l1': 0.03156754825028772, 'manhattan': 0.03156754825028772}","{'cityblock': 0.03156754825028772, 'minkowski': 0.016354754684954495, 'euclidean': 0.016354754684954495, 'l1': 0.03156754825028772, 'manhattan': 0.03156754825028772}","{'cityblock': 0.03156754825028772, 'minkowski': 0.016354754684954426, 'euclidean': 0.016354754684954426, 'l1': 0.03156754825028772, 'manhattan': 0.03156754825028772}"
463,"{'cityblock': 0.03156754825028772, 'minkowski': 0.016354754684954426, 'euclidean': 0.016354754684954426, 'l1': 0.03156754825028772, 'manhattan': 0.03156754825028772}","{'cityblock': 0.03156754825028772, 'minkowski': 0.016354754684954495, 'euclidean': 0.016354754684954495, 'l1': 0.03156754825028772, 'manhattan': 0.03156754825028772}","{'cityblock': 0.03156754825028772, 'minkowski': 0.016354754684954426, 'euclidean': 0.016354754684954426, 'l1': 0.03156754825028772, 'manhattan': 0.03156754825028772}"
464,"{'cityblock': 0.03156754825028772, 'minkowski': 0.016354754684954426, 'euclidean': 0.016354754684954426, 'l1': 0.03156754825028772, 'manhattan': 0.03156754825028772}","{'cityblock': 0.03156754825028772, 'minkowski': 0.016354754684954495, 'euclidean': 0.016354754684954495, 'l1': 0.03156754825028772, 'manhattan': 0.03156754825028772}","{'cityblock': 0.03156754825028772, 'minkowski': 0.016354754684954426, 'euclidean': 0.016354754684954426, 'l1': 0.03156754825028772, 'manhattan': 0.03156754825028772}"
465,"{'cityblock': 0.03156754825028772, 'minkowski': 0.016354754684954426, 'euclidean': 0.016354754684954426, 'l1': 0.03156754825028772, 'manhattan': 0.03156754825028772}","{'cityblock': 0.03156754825028772, 'minkowski': 0.016354754684954495, 'euclidean': 0.016354754684954495, 'l1': 0.03156754825028772, 'manhattan': 0.03156754825028772}","{'cityblock': 0.03156754825028772, 'minkowski': 0.016354754684954426, 'euclidean': 0.016354754684954426, 'l1': 0.03156754825028772, 'manhattan': 0.03156754825028772}"
466,"{'cityblock': 0.03156754825028772, 'minkowski': 0.016354754684954426, 'euclidean': 0.016354754684954426, 'l1': 0.03156754825028772, 'manhattan': 0.03156754825028772}","{'cityblock': 0.03156754825028772, 'minkowski': 0.016354754684954495, 'euclidean': 0.016354754684954495, 'l1': 0.03156754825028772, 'manhattan': 0.03156754825028772}","{'cityblock': 0.03156754825028772, 'minkowski': 0.016354754684954426, 'euclidean': 0.016354754684954426, 'l1': 0.03156754825028772, 'manhattan': 0.03156754825028772}"
467,"{'cityblock': 0.03156754825028772, 'minkowski': 0.016354754684954426, 'euclidean': 0.016354754684954426, 'l1': 0.03156754825028772, 'manhattan': 0.03156754825028772}","{'cityblock': 0.03156754825028772, 'minkowski': 0.016354754684954495, 'euclidean': 0.016354754684954495, 'l1': 0.03156754825028772, 'manhattan': 0.03156754825028772}","{'cityblock': 0.03156754825028772, 'minkowski': 0.016354754684954426, 'euclidean': 0.016354754684954426, 'l1': 0.03156754825028772, 'manhattan': 0.03156754825028772}"
468,"{'cityblock': 0.03156754825028772, 'minkowski': 0.016354754684954426, 'euclidean': 0.016354754684954426, 'l1': 0.03156754825028772, 'manhattan': 0.03156754825028772}","{'cityblock': 0.03156754825028772, 'minkowski': 0.016354754684954495, 'euclidean': 0.016354754684954495, 'l1': 0.03156754825028772, 'manhattan': 0.03156754825028772}","{'cityblock': 0.03156754825028772, 'minkowski': 0.016354754684954426, 'euclidean': 0.016354754684954426, 'l1': 0.03156754825028772, 'manhattan': 0.03156754825028772}"
469,"{'cityblock': 0.03156754825028772, 'minkowski': 0.016354754684954426, 'euclidean': 0.016354754684954426, 'l1': 0.03156754825028772, 'manhattan': 0.03156754825028772}","{'cityblock': 0.03156754825028772, 'minkowski': 0.016354754684954495, 'euclidean': 0.016354754684954495, 'l1': 0.03156754825028772, 'manhattan': 0.03156754825028772}","{'cityblock': 0.03156754825028772, 'minkowski': 0.016354754684954426, 'euclidean': 0.016354754684954426, 'l1': 0.03156754825028772, 'manhattan': 0.03156754825028772}"
470,"{'cityblock': 0.03156754825028772, 'minkowski': 0.016354754684954426, 'euclidean': 0.016354754684954426, 'l1': 0.03156754825028772, 'manhattan': 0.03156754825028772}","{'cityblock': 0.03156754825028772, 'minkowski': 0.016354754684954495, 'euclidean': 0.016354754684954495, 'l1': 0.03156754825028772, 'manhattan': 0.03156754825028772}","{'cityblock': 0.03156754825028772, 'minkowski': 0.016354754684954426, 'euclidean': 0.016354754684954426, 'l1': 0.03156754825028772, 'manhattan': 0.03156754825028772}"
471,"{'cityblock': 0.03156754825028772, 'minkowski': 0.016354754684954426, 'euclidean': 0.016354754684954426, 'l1': 0.03156754825028772, 'manhattan': 0.03156754825028772}","{'cityblock': 0.03156754825028772, 'minkowski': 0.016354754684954495, 'euclidean': 0.016354754684954495, 'l1': 0.03156754825028772, 'manhattan': 0.03156754825028772}","{'cityblock': 0.03156754825028772, 'minkowski': 0.016354754684954426, 'euclidean': 0.016354754684954426, 'l1': 0.03156754825028772, 'manhattan': 0.03156754825028772}"
472,"{'cityblock': 0.03156754825028772, 'minkowski': 0.016354754684954426, 'euclidean': 0.016354754684954426, 'l1': 0.03156754825028772, 'manhattan': 0.03156754825028772}","{'cityblock': 0.03156754825028772, 'minkowski': 0.016354754684954495, 'euclidean': 0.016354754684954495, 'l1': 0.03156754825028772, 'manhattan': 0.03156754825028772}","{'cityblock': 0.03156754825028772, 'minkowski': 0.016354754684954426, 'euclidean': 0.016354754684954426, 'l1': 0.03156754825028772, 'manhattan': 0.03156754825028772}"
473,"{'cityblock': 0.03156754825028772, 'minkowski': 0.016354754684954426, 'euclidean': 0.016354754684954426, 'l1': 0.03156754825028772, 'manhattan': 0.03156754825028772}","{'cityblock': 0.03156754825028772, 'minkowski': 0.016354754684954495, 'euclidean': 0.016354754684954495, 'l1': 0.03156754825028772, 'manhattan': 0.03156754825028772}","{'cityblock': 0.03156754825028772, 'minkowski': 0.016354754684954426, 'euclidean': 0.016354754684954426, 'l1': 0.03156754825028772, 'manhattan': 0.03156754825028772}"
474,"{'cityblock': 0.03156754825028772, 'minkowski': 0.016354754684954426, 'euclidean': 0.016354754684954426, 'l1': 0.03156754825028772, 'manhattan': 0.03156754825028772}","{'cityblock': 0.03156754825028772, 'minkowski': 0.016354754684954495, 'euclidean': 0.016354754684954495, 'l1': 0.03156754825028772, 'manhattan': 0.03156754825028772}","{'cityblock': 0.03156754825028772, 'minkowski': 0.016354754684954426, 'euclidean': 0.016354754684954426, 'l1': 0.03156754825028772, 'manhattan': 0.03156754825028772}"
475,"{'cityblock': 0.03156754825028772, 'minkowski': 0.016354754684954426, 'euclidean': 0.016354754684954426, 'l1': 0.03156754825028772, 'manhattan': 0.03156754825028772}","{'cityblock': 0.03156754825028772, 'minkowski': 0.016354754684954495, 'euclidean': 0.016354754684954495, 'l1': 0.03156754825028772, 'manhattan': 0.03156754825028772}","{'cityblock': 0.03156754825028772, 'minkowski': 0.016354754684954426, 'euclidean': 0.016354754684954426, 'l1': 0.03156754825028772, 'manhattan': 0.03156754825028772}"
476,"{'cityblock': 0.03156754825028772, 'minkowski': 0.016354754684954426, 'euclidean': 0.016354754684954426, 'l1': 0.03156754825028772, 'manhattan': 0.03156754825028772}","{'cityblock': 0.03156754825028772, 'minkowski': 0.016354754684954495, 'euclidean': 0.016354754684954495, 'l1': 0.03156754825028772, 'manhattan': 0.03156754825028772}","{'cityblock': 0.03156754825028772, 'minkowski': 0.016354754684954426, 'euclidean': 0.016354754684954426, 'l1': 0.03156754825028772, 'manhattan': 0.03156754825028772}"
477,"{'cityblock': 0.03156754825028772, 'minkowski': 0.016354754684954426, 'euclidean': 0.016354754684954426, 'l1': 0.03156754825028772, 'manhattan': 0.03156754825028772}","{'cityblock': 0.03156754825028772, 'minkowski': 0.016354754684954495, 'euclidean': 0.016354754684954495, 'l1': 0.03156754825028772, 'manhattan': 0.03156754825028772}","{'cityblock': 0.03156754825028772, 'minkowski': 0.016354754684954426, 'euclidean': 0.016354754684954426, 'l1': 0.03156754825028772, 'manhattan': 0.03156754825028772}"
478,"{'cityblock': 0.03156754825028772, 'minkowski': 0.016354754684954426, 'euclidean': 0.016354754684954426, 'l1': 0.03156754825028772, 'manhattan': 0.03156754825028772}","{'cityblock': 0.03156754825028772, 'minkowski': 0.016354754684954495, 'euclidean': 0.016354754684954495, 'l1': 0.03156754825028772, 'manhattan': 0.03156754825028772}","{'cityblock': 0.03156754825028772, 'minkowski': 0.016354754684954426, 'euclidean': 0.016354754684954426, 'l1': 0.03156754825028772, 'manhattan': 0.03156754825028772}"
479,"{'cityblock': 0.03156754825028772, 'minkowski': 0.016354754684954426, 'euclidean': 0.016354754684954426, 'l1': 0.03156754825028772, 'manhattan': 0.03156754825028772}","{'cityblock': 0.03156754825028772, 'minkowski': 0.016354754684954495, 'euclidean': 0.016354754684954495, 'l1': 0.03156754825028772, 'manhattan': 0.03156754825028772}","{'cityblock': 0.03156754825028772, 'minkowski': 0.016354754684954426, 'euclidean': 0.016354754684954426, 'l1': 0.03156754825028772, 'manhattan': 0.03156754825028772}"
480,"{'cityblock': 0.03156754825028772, 'minkowski': 0.016354754684954426, 'euclidean': 0.016354754684954426, 'l1': 0.03156754825028772, 'manhattan': 0.03156754825028772}","{'cityblock': 0.03156754825028772, 'minkowski': 0.016354754684954495, 'euclidean': 0.016354754684954495, 'l1': 0.03156754825028772, 'manhattan': 0.03156754825028772}","{'cityblock': 0.03156754825028772, 'minkowski': 0.016354754684954426, 'euclidean': 0.016354754684954426, 'l1': 0.03156754825028772, 'manhattan': 0.03156754825028772}"
481,"{'cityblock': 0.03156754825028772, 'minkowski': 0.016354754684954426, 'euclidean': 0.016354754684954426, 'l1': 0.03156754825028772, 'manhattan': 0.03156754825028772}","{'cityblock': 0.03156754825028772, 'minkowski': 0.016354754684954495, 'euclidean': 0.016354754684954495, 'l1': 0.03156754825028772, 'manhattan': 0.03156754825028772}","{'cityblock': 0.03156754825028772, 'minkowski': 0.016354754684954426, 'euclidean': 0.016354754684954426, 'l1': 0.03156754825028772, 'manhattan': 0.03156754825028772}"
482,"{'cityblock': 0.03156754825028772, 'minkowski': 0.016354754684954426, 'euclidean': 0.016354754684954426, 'l1': 0.03156754825028772, 'manhattan': 0.03156754825028772}","{'cityblock': 0.03156754825028772, 'minkowski': 0.016354754684954495, 'euclidean': 0.016354754684954495, 'l1': 0.03156754825028772, 'manhattan': 0.03156754825028772}","{'cityblock': 0.03156754825028772, 'minkowski': 0.016354754684954426, 'euclidean': 0.016354754684954426, 'l1': 0.03156754825028772, 'manhattan': 0.03156754825028772}"
483,"{'cityblock': 0.03156754825028772, 'minkowski': 0.016354754684954426, 'euclidean': 0.016354754684954426, 'l1': 0.03156754825028772, 'manhattan': 0.03156754825028772}","{'cityblock': 0.03156754825028772, 'minkowski': 0.016354754684954495, 'euclidean': 0.016354754684954495, 'l1': 0.03156754825028772, 'manhattan': 0.03156754825028772}","{'cityblock': 0.03156754825028772, 'minkowski': 0.016354754684954426, 'euclidean': 0.016354754684954426, 'l1': 0.03156754825028772, 'manhattan': 0.03156754825028772}"
484,"{'cityblock': 0.03156754825028772, 'minkowski': 0.016354754684954426, 'euclidean': 0.016354754684954426, 'l1': 0.03156754825028772, 'manhattan': 0.03156754825028772}","{'cityblock': 0.03156754825028772, 'minkowski': 0.016354754684954495, 'euclidean': 0.016354754684954495, 'l1': 0.03156754825028772, 'manhattan': 0.03156754825028772}","{'cityblock': 0.03156754825028772, 'minkowski': 0.016354754684954426, 'euclidean': 0.016354754684954426, 'l1': 0.03156754825028772, 'manhattan': 0.03156754825028772}"
485,"{'cityblock': 0.03156754825028772, 'minkowski': 0.016354754684954426, 'euclidean': 0.016354754684954426, 'l1': 0.03156754825028772, 'manhattan': 0.03156754825028772}","{'cityblock': 0.03156754825028772, 'minkowski': 0.016354754684954495, 'euclidean': 0.016354754684954495, 'l1': 0.03156754825028772, 'manhattan': 0.03156754825028772}","{'cityblock': 0.03156754825028772, 'minkowski': 0.016354754684954426, 'euclidean': 0.016354754684954426, 'l1': 0.03156754825028772, 'manhattan': 0.03156754825028772}"
486,"{'cityblock': 0.03156754825028772, 'minkowski': 0.016354754684954426, 'euclidean': 0.016354754684954426, 'l1': 0.03156754825028772, 'manhattan': 0.03156754825028772}","{'cityblock': 0.03156754825028772, 'minkowski': 0.016354754684954495, 'euclidean': 0.016354754684954495, 'l1': 0.03156754825028772, 'manhattan': 0.03156754825028772}","{'cityblock': 0.03156754825028772, 'minkowski': 0.016354754684954426, 'euclidean': 0.016354754684954426, 'l1': 0.03156754825028772, 'manhattan': 0.03156754825028772}"
487,"{'cityblock': 0.03156754825028772, 'minkowski': 0.016354754684954426, 'euclidean': 0.016354754684954426, 'l1': 0.03156754825028772, 'manhattan': 0.03156754825028772}","{'cityblock': 0.03156754825028772, 'minkowski': 0.016354754684954495, 'euclidean': 0.016354754684954495, 'l1': 0.03156754825028772, 'manhattan': 0.03156754825028772}","{'cityblock': 0.03156754825028772, 'minkowski': 0.016354754684954426, 'euclidean': 0.016354754684954426, 'l1': 0.03156754825028772, 'manhattan': 0.03156754825028772}"
488,"{'cityblock': 0.03156754825028772, 'minkowski': 0.016354754684954426, 'euclidean': 0.016354754684954426, 'l1': 0.03156754825028772, 'manhattan': 0.03156754825028772}","{'cityblock': 0.03156754825028772, 'minkowski': 0.016354754684954495, 'euclidean': 0.016354754684954495, 'l1': 0.03156754825028772, 'manhattan': 0.03156754825028772}","{'cityblock': 0.03156754825028772, 'minkowski': 0.016354754684954426, 'euclidean': 0.016354754684954426, 'l1': 0.03156754825028772, 'manhattan': 0.03156754825028772}"
489,"{'cityblock': 0.03156754825028772, 'minkowski': 0.016354754684954426, 'euclidean': 0.016354754684954426, 'l1': 0.03156754825028772, 'manhattan': 0.03156754825028772}","{'cityblock': 0.03156754825028772, 'minkowski': 0.016354754684954495, 'euclidean': 0.016354754684954495, 'l1': 0.03156754825028772, 'manhattan': 0.03156754825028772}","{'cityblock': 0.03156754825028772, 'minkowski': 0.016354754684954426, 'euclidean': 0.016354754684954426, 'l1': 0.03156754825028772, 'manhattan': 0.03156754825028772}"
490,"{'cityblock': 0.03156754825028772, 'minkowski': 0.016354754684954426, 'euclidean': 0.016354754684954426, 'l1': 0.03156754825028772, 'manhattan': 0.03156754825028772}","{'cityblock': 0.03156754825028772, 'minkowski': 0.016354754684954495, 'euclidean': 0.016354754684954495, 'l1': 0.03156754825028772, 'manhattan': 0.03156754825028772}","{'cityblock': 0.03156754825028772, 'minkowski': 0.016354754684954426, 'euclidean': 0.016354754684954426, 'l1': 0.03156754825028772, 'manhattan': 0.03156754825028772}"
491,"{'cityblock': 0.03156754825028772, 'minkowski': 0.016354754684954426, 'euclidean': 0.016354754684954426, 'l1': 0.03156754825028772, 'manhattan': 0.03156754825028772}","{'cityblock': 0.03156754825028772, 'minkowski': 0.016354754684954495, 'euclidean': 0.016354754684954495, 'l1': 0.03156754825028772, 'manhattan': 0.03156754825028772}","{'cityblock': 0.03156754825028772, 'minkowski': 0.016354754684954426, 'euclidean': 0.016354754684954426, 'l1': 0.03156754825028772, 'manhattan': 0.03156754825028772}"
492,"{'cityblock': 0.03156754825028772, 'minkowski': 0.016354754684954426, 'euclidean': 0.016354754684954426, 'l1': 0.03156754825028772, 'manhattan': 0.03156754825028772}","{'cityblock': 0.03156754825028772, 'minkowski': 0.016354754684954495, 'euclidean': 0.016354754684954495, 'l1': 0.03156754825028772, 'manhattan': 0.03156754825028772}","{'cityblock': 0.03156754825028772, 'minkowski': 0.016354754684954426, 'euclidean': 0.016354754684954426, 'l1': 0.03156754825028772, 'manhattan': 0.03156754825028772}"
493,"{'cityblock': 0.03156754825028772, 'minkowski': 0.016354754684954426, 'euclidean': 0.016354754684954426, 'l1': 0.03156754825028772, 'manhattan': 0.03156754825028772}","{'cityblock': 0.03156754825028772, 'minkowski': 0.016354754684954495, 'euclidean': 0.016354754684954495, 'l1': 0.03156754825028772, 'manhattan': 0.03156754825028772}","{'cityblock': 0.03156754825028772, 'minkowski': 0.016354754684954426, 'euclidean': 0.016354754684954426, 'l1': 0.03156754825028772, 'manhattan': 0.03156754825028772}"
494,"{'cityblock': 0.03156754825028772, 'minkowski': 0.016354754684954426, 'euclidean': 0.016354754684954426, 'l1': 0.03156754825028772, 'manhattan': 0.03156754825028772}","{'cityblock': 0.03156754825028772, 'minkowski': 0.016354754684954495, 'euclidean': 0.016354754684954495, 'l1': 0.03156754825028772, 'manhattan': 0.03156754825028772}","{'cityblock': 0.03156754825028772, 'minkowski': 0.016354754684954426, 'euclidean': 0.016354754684954426, 'l1': 0.03156754825028772, 'manhattan': 0.03156754825028772}"
495,"{'cityblock': 0.03156754825028772, 'minkowski': 0.016354754684954426, 'euclidean': 0.016354754684954426, 'l1': 0.03156754825028772, 'manhattan': 0.03156754825028772}","{'cityblock': 0.03156754825028772, 'minkowski': 0.016354754684954495, 'euclidean': 0.016354754684954495, 'l1': 0.03156754825028772, 'manhattan': 0.03156754825028772}","{'cityblock': 0.03156754825028772, 'minkowski': 0.016354754684954426, 'euclidean': 0.016354754684954426, 'l1': 0.03156754825028772, 'manhattan': 0.03156754825028772}"
496,"{'cityblock': 0.03156754825028772, 'minkowski': 0.016354754684954426, 'euclidean': 0.016354754684954426, 'l1': 0.03156754825028772, 'manhattan': 0.03156754825028772}","{'cityblock': 0.03156754825028772, 'minkowski': 0.016354754684954495, 'euclidean': 0.016354754684954495, 'l1': 0.03156754825028772, 'manhattan': 0.03156754825028772}","{'cityblock': 0.03156754825028772, 'minkowski': 0.016354754684954426, 'euclidean': 0.016354754684954426, 'l1': 0.03156754825028772, 'manhattan': 0.03156754825028772}"
497,"{'cityblock': 0.03156754825028772, 'minkowski': 0.016354754684954426, 'euclidean': 0.016354754684954426, 'l1': 0.03156754825028772, 'manhattan': 0.03156754825028772}","{'cityblock': 0.03156754825028772, 'minkowski': 0.016354754684954495, 'euclidean': 0.016354754684954495, 'l1': 0.03156754825028772, 'manhattan': 0.03156754825028772}","{'cityblock': 0.03156754825028772, 'minkowski': 0.016354754684954426, 'euclidean': 0.016354754684954426, 'l1': 0.03156754825028772, 'manhattan': 0.03156754825028772}"
498,"{'cityblock': 0.03156754825028772, 'minkowski': 0.016354754684954426, 'euclidean': 0.016354754684954426, 'l1': 0.03156754825028772, 'manhattan': 0.03156754825028772}","{'cityblock': 0.03156754825028772, 'minkowski': 0.016354754684954495, 'euclidean': 0.016354754684954495, 'l1': 0.03156754825028772, 'manhattan': 0.03156754825028772}","{'cityblock': 0.03156754825028772, 'minkowski': 0.016354754684954426, 'euclidean': 0.016354754684954426, 'l1': 0.03156754825028772, 'manhattan': 0.03156754825028772}"
499,"{'cityblock': 0.03156754825028772, 'minkowski': 0.016354754684954426, 'euclidean': 0.016354754684954426, 'l1': 0.03156754825028772, 'manhattan': 0.03156754825028772}","{'cityblock': 0.03156754825028772, 'minkowski': 0.016354754684954495, 'euclidean': 0.016354754684954495, 'l1': 0.03156754825028772, 'manhattan': 0.03156754825028772}","{'cityblock': 0.03156754825028772, 'minkowski': 0.016354754684954426, 'euclidean': 0.016354754684954426, 'l1': 0.03156754825028772, 'manhattan': 0.03156754825028772}"
500,"{'cityblock': 0.03156754825028772, 'minkowski': 0.016354754684954426, 'euclidean': 0.016354754684954426, 'l1': 0.03156754825028772, 'manhattan': 0.03156754825028772}","{'cityblock': 0.03156754825028772, 'minkowski': 0.016354754684954495, 'euclidean': 0.016354754684954495, 'l1': 0.03156754825028772, 'manhattan': 0.03156754825028772}","{'cityblock': 0.03156754825028772, 'minkowski': 0.016354754684954426, 'euclidean': 0.016354754684954426, 'l1': 0.03156754825028772, 'manhattan': 0.03156754825028772}"
501,"{'cityblock': 0.03156754825028772, 'minkowski': 0.016354754684954426, 'euclidean': 0.016354754684954426, 'l1': 0.03156754825028772, 'manhattan': 0.03156754825028772}","{'cityblock': 0.03156754825028772, 'minkowski': 0.016354754684954495, 'euclidean': 0.016354754684954495, 'l1': 0.03156754825028772, 'manhattan': 0.03156754825028772}","{'cityblock': 0.03156754825028772, 'minkowski': 0.016354754684954426, 'euclidean': 0.016354754684954426, 'l1': 0.03156754825028772, 'manhattan': 0.03156754825028772}"
502,"{'cityblock': 0.03156754825028772, 'minkowski': 0.016354754684954426, 'euclidean': 0.016354754684954426, 'l1': 0.03156754825028772, 'manhattan': 0.03156754825028772}","{'cityblock': 0.03156754825028772, 'minkowski': 0.016354754684954495, 'euclidean': 0.016354754684954495, 'l1': 0.03156754825028772, 'manhattan': 0.03156754825028772}","{'cityblock': 0.03156754825028772, 'minkowski': 0.016354754684954426, 'euclidean': 0.016354754684954426, 'l1': 0.03156754825028772, 'manhattan': 0.03156754825028772}"
503,"{'cityblock': 0.03156754825028772, 'minkowski': 0.016354754684954426, 'euclidean': 0.016354754684954426, 'l1': 0.03156754825028772, 'manhattan': 0.03156754825028772}","{'cityblock': 0.03156754825028772, 'minkowski': 0.016354754684954495, 'euclidean': 0.016354754684954495, 'l1': 0.03156754825028772, 'manhattan': 0.03156754825028772}","{'cityblock': 0.03156754825028772, 'minkowski': 0.016354754684954426, 'euclidean': 0.016354754684954426, 'l1': 0.03156754825028772, 'manhattan': 0.03156754825028772}"
504,"{'cityblock': 0.03156754825028772, 'minkowski': 0.016354754684954426, 'euclidean': 0.016354754684954426, 'l1': 0.03156754825028772, 'manhattan': 0.03156754825028772}","{'cityblock': 0.03156754825028772, 'minkowski': 0.016354754684954495, 'euclidean': 0.016354754684954495, 'l1': 0.03156754825028772, 'manhattan': 0.03156754825028772}","{'cityblock': 0.03156754825028772, 'minkowski': 0.016354754684954426, 'euclidean': 0.016354754684954426, 'l1': 0.03156754825028772, 'manhattan': 0.03156754825028772}"
505,"{'cityblock': 0.03156754825028772, 'minkowski': 0.016354754684954426, 'euclidean': 0.016354754684954426, 'l1': 0.03156754825028772, 'manhattan': 0.03156754825028772}","{'cityblock': 0.03156754825028772, 'minkowski': 0.016354754684954495, 'euclidean': 0.016354754684954495, 'l1': 0.03156754825028772, 'manhattan': 0.03156754825028772}","{'cityblock': 0.03156754825028772, 'minkowski': 0.016354754684954426, 'euclidean': 0.016354754684954426, 'l1': 0.03156754825028772, 'manhattan': 0.03156754825028772}"
506,"{'cityblock': 0.03156754825028772, 'minkowski': 0.016354754684954426, 'euclidean': 0.016354754684954426, 'l1': 0.03156754825028772, 'manhattan': 0.03156754825028772}","{'cityblock': 0.03156754825028772, 'minkowski': 0.016354754684954495, 'euclidean': 0.016354754684954495, 'l1': 0.03156754825028772, 'manhattan': 0.03156754825028772}","{'cityblock': 0.03156754825028772, 'minkowski': 0.016354754684954426, 'euclidean': 0.016354754684954426, 'l1': 0.03156754825028772, 'manhattan': 0.03156754825028772}"
507,"{'cityblock': 0.03156754825028772, 'minkowski': 0.016354754684954426, 'euclidean': 0.016354754684954426, 'l1': 0.03156754825028772, 'manhattan': 0.03156754825028772}","{'cityblock': 0.03156754825028772, 'minkowski': 0.016354754684954495, 'euclidean': 0.016354754684954495, 'l1': 0.03156754825028772, 'manhattan': 0.03156754825028772}","{'cityblock': 0.03156754825028772, 'minkowski': 0.016354754684954426, 'euclidean': 0.016354754684954426, 'l1': 0.03156754825028772, 'manhattan': 0.03156754825028772}"
508,"{'cityblock': 0.03156754825028772, 'minkowski': 0.016354754684954426, 'euclidean': 0.016354754684954426, 'l1': 0.03156754825028772, 'manhattan': 0.03156754825028772}","{'cityblock': 0.03156754825028772, 'minkowski': 0.016354754684954495, 'euclidean': 0.016354754684954495, 'l1': 0.03156754825028772, 'manhattan': 0.03156754825028772}","{'cityblock': 0.03156754825028772, 'minkowski': 0.016354754684954426, 'euclidean': 0.016354754684954426, 'l1': 0.03156754825028772, 'manhattan': 0.03156754825028772}"
509,"{'cityblock': 0.03156754825028772, 'minkowski': 0.016354754684954426, 'euclidean': 0.016354754684954426, 'l1': 0.03156754825028772, 'manhattan': 0.03156754825028772}","{'cityblock': 0.03156754825028772, 'minkowski': 0.016354754684954495, 'euclidean': 0.016354754684954495, 'l1': 0.03156754825028772, 'manhattan': 0.03156754825028772}","{'cityblock': 0.03156754825028772, 'minkowski': 0.016354754684954426, 'euclidean': 0.016354754684954426, 'l1': 0.03156754825028772, 'manhattan': 0.03156754825028772}"
510,"{'cityblock': 0.03156754825028772, 'minkowski': 0.016354754684954426, 'euclidean': 0.016354754684954426, 'l1': 0.03156754825028772, 'manhattan': 0.03156754825028772}","{'cityblock': 0.03156754825028772, 'minkowski': 0.016354754684954495, 'euclidean': 0.016354754684954495, 'l1': 0.03156754825028772, 'manhattan': 0.03156754825028772}","{'cityblock': 0.03156754825028772, 'minkowski': 0.016354754684954426, 'euclidean': 0.016354754684954426, 'l1': 0.03156754825028772, 'manhattan': 0.03156754825028772}"
511,"{'cityblock': 0.03156754825028772, 'minkowski': 0.016354754684954426, 'euclidean': 0.016354754684954426, 'l1': 0.03156754825028772, 'manhattan': 0.03156754825028772}","{'cityblock': 0.03156754825028772, 'minkowski': 0.016354754684954495, 'euclidean': 0.016354754684954495, 'l1': 0.03156754825028772, 'manhattan': 0.03156754825028772}","{'cityblock': 0.03156754825028772, 'minkowski': 0.016354754684954426, 'euclidean': 0.016354754684954426, 'l1': 0.03156754825028772, 'manhattan': 0.03156754825028772}"
512,"{'cityblock': 0.03156754825028772, 'minkowski': 0.016354754684954426, 'euclidean': 0.016354754684954426, 'l1': 0.03156754825028772, 'manhattan': 0.03156754825028772}","{'cityblock': 0.03156754825028772, 'minkowski': 0.016354754684954495, 'euclidean': 0.016354754684954495, 'l1': 0.03156754825028772, 'manhattan': 0.03156754825028772}","{'cityblock': 0.03156754825028772, 'minkowski': 0.016354754684954426, 'euclidean': 0.016354754684954426, 'l1': 0.03156754825028772, 'manhattan': 0.03156754825028772}"
513,"{'cityblock': 0.03156754825028772, 'minkowski': 0.016354754684954426, 'euclidean': 0.016354754684954426, 'l1': 0.03156754825028772, 'manhattan': 0.03156754825028772}","{'cityblock': 0.03156754825028772, 'minkowski': 0.016354754684954495, 'euclidean': 0.016354754684954495, 'l1': 0.03156754825028772, 'manhattan': 0.03156754825028772}","{'cityblock': 0.03156754825028772, 'minkowski': 0.016354754684954426, 'euclidean': 0.016354754684954426, 'l1': 0.03156754825028772, 'manhattan': 0.03156754825028772}"
514,"{'cityblock': 0.03156754825028772, 'minkowski': 0.016354754684954426, 'euclidean': 0.016354754684954426, 'l1': 0.03156754825028772, 'manhattan': 0.03156754825028772}","{'cityblock': 0.03156754825028772, 'minkowski': 0.016354754684954495, 'euclidean': 0.016354754684954495, 'l1': 0.03156754825028772, 'manhattan': 0.03156754825028772}","{'cityblock': 0.03156754825028772, 'minkowski': 0.016354754684954426, 'euclidean': 0.016354754684954426, 'l1': 0.03156754825028772, 'manhattan': 0.03156754825028772}"
515,"{'cityblock': 0.03156754825028772, 'minkowski': 0.016354754684954426, 'euclidean': 0.016354754684954426, 'l1': 0.03156754825028772, 'manhattan': 0.03156754825028772}","{'cityblock': 0.03156754825028772, 'minkowski': 0.016354754684954495, 'euclidean': 0.016354754684954495, 'l1': 0.03156754825028772, 'manhattan': 0.03156754825028772}","{'cityblock': 0.03156754825028772, 'minkowski': 0.016354754684954426, 'euclidean': 0.016354754684954426, 'l1': 0.03156754825028772, 'manhattan': 0.03156754825028772}"
516,"{'cityblock': 0.03156754825028772, 'minkowski': 0.016354754684954426, 'euclidean': 0.016354754684954426, 'l1': 0.03156754825028772, 'manhattan': 0.03156754825028772}","{'cityblock': 0.03156754825028772, 'minkowski': 0.016354754684954495, 'euclidean': 0.016354754684954495, 'l1': 0.03156754825028772, 'manhattan': 0.03156754825028772}","{'cityblock': 0.03156754825028772, 'minkowski': 0.016354754684954426, 'euclidean': 0.016354754684954426, 'l1': 0.03156754825028772, 'manhattan': 0.03156754825028772}"
517,"{'cityblock': 0.03156754825028772, 'minkowski': 0.016354754684954426, 'euclidean': 0.016354754684954426, 'l1': 0.03156754825028772, 'manhattan': 0.03156754825028772}","{'cityblock': 0.03156754825028772, 'minkowski': 0.016354754684954495, 'euclidean': 0.016354754684954495, 'l1': 0.03156754825028772, 'manhattan': 0.03156754825028772}","{'cityblock': 0.03156754825028772, 'minkowski': 0.016354754684954426, 'euclidean': 0.016354754684954426, 'l1': 0.03156754825028772, 'manhattan': 0.03156754825028772}"
518,"{'cityblock': 0.03156754825028772, 'minkowski': 0.016354754684954426, 'euclidean': 0.016354754684954426, 'l1': 0.03156754825028772, 'manhattan': 0.03156754825028772}","{'cityblock': 0.03156754825028772, 'minkowski': 0.016354754684954495, 'euclidean': 0.016354754684954495, 'l1': 0.03156754825028772, 'manhattan': 0.03156754825028772}","{'cityblock': 0.03156754825028772, 'minkowski': 0.016354754684954426, 'euclidean': 0.016354754684954426, 'l1': 0.03156754825028772, 'manhattan': 0.03156754825028772}"
519,"{'cityblock': 0.03156754825028772, 'minkowski': 0.016354754684954426, 'euclidean': 0.016354754684954426, 'l1': 0.03156754825028772, 'manhattan': 0.03156754825028772}","{'cityblock': 0.03156754825028772, 'minkowski': 0.016354754684954495, 'euclidean': 0.016354754684954495, 'l1': 0.03156754825028772, 'manhattan': 0.03156754825028772}","{'cityblock': 0.03156754825028772, 'minkowski': 0.016354754684954426, 'euclidean': 0.016354754684954426, 'l1': 0.03156754825028772, 'manhattan': 0.03156754825028772}"
520,"{'cityblock': 0.03156754825028772, 'minkowski': 0.016354754684954426, 'euclidean': 0.016354754684954426, 'l1': 0.03156754825028772, 'manhattan': 0.03156754825028772}","{'cityblock': 0.03156754825028772, 'minkowski': 0.016354754684954495, 'euclidean': 0.016354754684954495, 'l1': 0.03156754825028772, 'manhattan': 0.03156754825028772}","{'cityblock': 0.03156754825028772, 'minkowski': 0.016354754684954426, 'euclidean': 0.016354754684954426, 'l1': 0.03156754825028772, 'manhattan': 0.03156754825028772}"
521,"{'cityblock': 0.03156754825028772, 'minkowski': 0.016354754684954426, 'euclidean': 0.016354754684954426, 'l1': 0.03156754825028772, 'manhattan': 0.03156754825028772}","{'cityblock': 0.03156754825028772, 'minkowski': 0.016354754684954495, 'euclidean': 0.016354754684954495, 'l1': 0.03156754825028772, 'manhattan': 0.03156754825028772}","{'cityblock': 0.03156754825028772, 'minkowski': 0.016354754684954426, 'euclidean': 0.016354754684954426, 'l1': 0.03156754825028772, 'manhattan': 0.03156754825028772}"
522,"{'cityblock': 0.03156754825028772, 'minkowski': 0.016354754684954426, 'euclidean': 0.016354754684954426, 'l1': 0.03156754825028772, 'manhattan': 0.03156754825028772}","{'cityblock': 0.03156754825028772, 'minkowski': 0.016354754684954495, 'euclidean': 0.016354754684954495, 'l1': 0.03156754825028772, 'manhattan': 0.03156754825028772}","{'cityblock': 0.03156754825028772, 'minkowski': 0.016354754684954426, 'euclidean': 0.016354754684954426, 'l1': 0.03156754825028772, 'manhattan': 0.03156754825028772}"
523,"{'cityblock': 0.03156754825028772, 'minkowski': 0.016354754684954426, 'euclidean': 0.016354754684954426, 'l1': 0.03156754825028772, 'manhattan': 0.03156754825028772}","{'cityblock': 0.03156754825028772, 'minkowski': 0.016354754684954495, 'euclidean': 0.016354754684954495, 'l1': 0.03156754825028772, 'manhattan': 0.03156754825028772}","{'cityblock': 0.03156754825028772, 'minkowski': 0.016354754684954426, 'euclidean': 0.016354754684954426, 'l1': 0.03156754825028772, 'manhattan': 0.03156754825028772}"
524,"{'cityblock': 0.03156754825028772, 'minkowski': 0.016354754684954426, 'euclidean': 0.016354754684954426, 'l1': 0.03156754825028772, 'manhattan': 0.03156754825028772}","{'cityblock': 0.03156754825028772, 'minkowski': 0.016354754684954495, 'euclidean': 0.016354754684954495, 'l1': 0.03156754825028772, 'manhattan': 0.03156754825028772}","{'cityblock': 0.03156754825028772, 'minkowski': 0.016354754684954426, 'euclidean': 0.016354754684954426, 'l1': 0.03156754825028772, 'manhattan': 0.03156754825028772}"
525,"{'cityblock': 0.03156754825028772, 'minkowski': 0.016354754684954426, 'euclidean': 0.016354754684954426, 'l1': 0.03156754825028772, 'manhattan': 0.03156754825028772}","{'cityblock': 0.03156754825028772, 'minkowski': 0.016354754684954495, 'euclidean': 0.016354754684954495, 'l1': 0.03156754825028772, 'manhattan': 0.03156754825028772}","{'cityblock': 0.03156754825028772, 'minkowski': 0.016354754684954426, 'euclidean': 0.016354754684954426, 'l1': 0.03156754825028772, 'manhattan': 0.03156754825028772}"
526,"{'cityblock': 0.03156754825028772, 'minkowski': 0.016354754684954426, 'euclidean': 0.016354754684954426, 'l1': 0.03156754825028772, 'manhattan': 0.03156754825028772}","{'cityblock': 0.03156754825028772, 'minkowski': 0.016354754684954495, 'euclidean': 0.016354754684954495, 'l1': 0.03156754825028772, 'manhattan': 0.03156754825028772}","{'cityblock': 0.03156754825028772, 'minkowski': 0.016354754684954426, 'euclidean': 0.016354754684954426, 'l1': 0.03156754825028772, 'manhattan': 0.03156754825028772}"
527,"{'cityblock': 0.03156754825028772, 'minkowski': 0.016354754684954426, 'euclidean': 0.016354754684954426, 'l1': 0.03156754825028772, 'manhattan': 0.03156754825028772}","{'cityblock': 0.03156754825028772, 'minkowski': 0.016354754684954495, 'euclidean': 0.016354754684954495, 'l1': 0.03156754825028772, 'manhattan': 0.03156754825028772}","{'cityblock': 0.03156754825028772, 'minkowski': 0.016354754684954426, 'euclidean': 0.016354754684954426, 'l1': 0.03156754825028772, 'manhattan': 0.03156754825028772}"
528,"{'cityblock': 0.03156754825028772, 'minkowski': 0.016354754684954426, 'euclidean': 0.016354754684954426, 'l1': 0.03156754825028772, 'manhattan': 0.03156754825028772}","{'cityblock': 0.03156754825028772, 'minkowski': 0.016354754684954495, 'euclidean': 0.016354754684954495, 'l1': 0.03156754825028772, 'manhattan': 0.03156754825028772}","{'cityblock': 0.03156754825028772, 'minkowski': 0.016354754684954426, 'euclidean': 0.016354754684954426, 'l1': 0.03156754825028772, 'manhattan': 0.03156754825028772}"
529,"{'cityblock': 0.03156754825028772, 'minkowski': 0.016354754684954426, 'euclidean': 0.016354754684954426, 'l1': 0.03156754825028772, 'manhattan': 0.03156754825028772}","{'cityblock': 0.03156754825028772, 'minkowski': 0.016354754684954495, 'euclidean': 0.016354754684954495, 'l1': 0.03156754825028772, 'manhattan': 0.03156754825028772}","{'cityblock': 0.03156754825028772, 'minkowski': 0.016354754684954426, 'euclidean': 0.016354754684954426, 'l1': 0.03156754825028772, 'manhattan': 0.03156754825028772}"
530,"{'cityblock': 0.03156754825028772, 'minkowski': 0.016354754684954426, 'euclidean': 0.016354754684954426, 'l1': 0.03156754825028772, 'manhattan': 0.03156754825028772}","{'cityblock': 0.03156754825028772, 'minkowski': 0.016354754684954495, 'euclidean': 0.016354754684954495, 'l1': 0.03156754825028772, 'manhattan': 0.03156754825028772}","{'cityblock': 0.03156754825028772, 'minkowski': 0.016354754684954426, 'euclidean': 0.016354754684954426, 'l1': 0.03156754825028772, 'manhattan': 0.03156754825028772}"
531,"{'cityblock': 0.03156754825028772, 'minkowski': 0.016354754684954426, 'euclidean': 0.016354754684954426, 'l1': 0.03156754825028772, 'manhattan': 0.03156754825028772}","{'cityblock': 0.03156754825028772, 'minkowski': 0.016354754684954495, 'euclidean': 0.016354754684954495, 'l1': 0.03156754825028772, 'manhattan': 0.03156754825028772}","{'cityblock': 0.03156754825028772, 'minkowski': 0.016354754684954426, 'euclidean': 0.016354754684954426, 'l1': 0.03156754825028772, 'manhattan': 0.03156754825028772}"
532,"{'cityblock': 0.03156754825028772, 'minkowski': 0.016354754684954426, 'euclidean': 0.016354754684954426, 'l1': 0.03156754825028772, 'manhattan': 0.03156754825028772}","{'cityblock': 0.03156754825028772, 'minkowski': 0.016354754684954495, 'euclidean': 0.016354754684954495, 'l1': 0.03156754825028772, 'manhattan': 0.03156754825028772}","{'cityblock': 0.03156754825028772, 'minkowski': 0.016354754684954426, 'euclidean': 0.016354754684954426, 'l1': 0.03156754825028772, 'manhattan': 0.03156754825028772}"
533,"{'cityblock': 0.03156754825028772, 'minkowski': 0.016354754684954426, 'euclidean': 0.016354754684954426, 'l1': 0.03156754825028772, 'manhattan': 0.03156754825028772}","{'cityblock': 0.03156754825028772, 'minkowski': 0.016354754684954495, 'euclidean': 0.016354754684954495, 'l1': 0.03156754825028772, 'manhattan': 0.03156754825028772}","{'cityblock': 0.03156754825028772, 'minkowski': 0.016354754684954426, 'euclidean': 0.016354754684954426, 'l1': 0.03156754825028772, 'manhattan': 0.03156754825028772}"
534,"{'cityblock': 0.03156754825028772, 'minkowski': 0.016354754684954426, 'euclidean': 0.016354754684954426, 'l1': 0.03156754825028772, 'manhattan': 0.03156754825028772}","{'cityblock': 0.03156754825028772, 'minkowski': 0.016354754684954495, 'euclidean': 0.016354754684954495, 'l1': 0.03156754825028772, 'manhattan': 0.03156754825028772}","{'cityblock': 0.03156754825028772, 'minkowski': 0.016354754684954426, 'euclidean': 0.016354754684954426, 'l1': 0.03156754825028772, 'manhattan': 0.03156754825028772}"
535,"{'cityblock': 0.03156754825028772, 'minkowski': 0.016354754684954426, 'euclidean': 0.016354754684954426, 'l1': 0.03156754825028772, 'manhattan': 0.03156754825028772}","{'cityblock': 0.03156754825028772, 'minkowski': 0.016354754684954495, 'euclidean': 0.016354754684954495, 'l1': 0.03156754825028772, 'manhattan': 0.03156754825028772}","{'cityblock': 0.03156754825028772, 'minkowski': 0.016354754684954426, 'euclidean': 0.016354754684954426, 'l1': 0.03156754825028772, 'manhattan': 0.03156754825028772}"
536,"{'cityblock': 0.03156754825028772, 'minkowski': 0.016354754684954426, 'euclidean': 0.016354754684954426, 'l1': 0.03156754825028772, 'manhattan': 0.03156754825028772}","{'cityblock': 0.03156754825028772, 'minkowski': 0.016354754684954495, 'euclidean': 0.016354754684954495, 'l1': 0.03156754825028772, 'manhattan': 0.03156754825028772}","{'cityblock': 0.03156754825028772, 'minkowski': 0.016354754684954426, 'euclidean': 0.016354754684954426, 'l1': 0.03156754825028772, 'manhattan': 0.03156754825028772}"
537,"{'cityblock': 0.03156754825028772, 'minkowski': 0.016354754684954426, 'euclidean': 0.016354754684954426, 'l1': 0.03156754825028772, 'manhattan': 0.03156754825028772}","{'cityblock': 0.03156754825028772, 'minkowski': 0.016354754684954495, 'euclidean': 0.016354754684954495, 'l1': 0.03156754825028772, 'manhattan': 0.03156754825028772}","{'cityblock': 0.03156754825028772, 'minkowski': 0.016354754684954426, 'euclidean': 0.016354754684954426, 'l1': 0.03156754825028772, 'manhattan': 0.03156754825028772}"
538,"{'cityblock': 0.03156754825028772, 'minkowski': 0.016354754684954426, 'euclidean': 0.016354754684954426, 'l1': 0.03156754825028772, 'manhattan': 0.03156754825028772}","{'cityblock': 0.03156754825028772, 'minkowski': 0.016354754684954495, 'euclidean': 0.016354754684954495, 'l1': 0.03156754825028772, 'manhattan': 0.03156754825028772}","{'cityblock': 0.03156754825028772, 'minkowski': 0.016354754684954426, 'euclidean': 0.016354754684954426, 'l1': 0.03156754825028772, 'manhattan': 0.03156754825028772}"
539,"{'cityblock': 0.03156754825028772, 'minkowski': 0.016354754684954426, 'euclidean': 0.016354754684954426, 'l1': 0.03156754825028772, 'manhattan': 0.03156754825028772}","{'cityblock': 0.03156754825028772, 'minkowski': 0.016354754684954495, 'euclidean': 0.016354754684954495, 'l1': 0.03156754825028772, 'manhattan': 0.03156754825028772}","{'cityblock': 0.03156754825028772, 'minkowski': 0.016354754684954426, 'euclidean': 0.016354754684954426, 'l1': 0.03156754825028772, 'manhattan': 0.03156754825028772}"
540,"{'cityblock': 0.03156754825028772, 'minkowski': 0.016354754684954426, 'euclidean': 0.016354754684954426, 'l1': 0.03156754825028772, 'manhattan': 0.03156754825028772}","{'cityblock': 0.03156754825028772, 'minkowski': 0.016354754684954495, 'euclidean': 0.016354754684954495, 'l1': 0.03156754825028772, 'manhattan': 0.03156754825028772}","{'cityblock': 0.03156754825028772, 'minkowski': 0.016354754684954426, 'euclidean': 0.016354754684954426, 'l1': 0.03156754825028772, 'manhattan': 0.03156754825028772}"
541,"{'cityblock': 0.03156754825028772, 'minkowski': 0.016354754684954426, 'euclidean': 0.016354754684954426, 'l1': 0.03156754825028772, 'manhattan': 0.03156754825028772}","{'cityblock': 0.03156754825028772, 'minkowski': 0.016354754684954495, 'euclidean': 0.016354754684954495, 'l1': 0.03156754825028772, 'manhattan': 0.03156754825028772}","{'cityblock': 0.03156754825028772, 'minkowski': 0.016354754684954426, 'euclidean': 0.016354754684954426, 'l1': 0.03156754825028772, 'manhattan': 0.03156754825028772}"
542,"{'cityblock': 0.03156754825028772, 'minkowski': 0.016354754684954426, 'euclidean': 0.016354754684954426, 'l1': 0.03156754825028772, 'manhattan': 0.03156754825028772}","{'cityblock': 0.03156754825028772, 'minkowski': 0.016354754684954495, 'euclidean': 0.016354754684954495, 'l1': 0.03156754825028772, 'manhattan': 0.03156754825028772}","{'cityblock': 0.03156754825028772, 'minkowski': 0.016354754684954426, 'euclidean': 0.016354754684954426, 'l1': 0.03156754825028772, 'manhattan': 0.03156754825028772}"
543,"{'cityblock': 0.03156754825028772, 'minkowski': 0.016354754684954426, 'euclidean': 0.016354754684954426, 'l1': 0.03156754825028772, 'manhattan': 0.03156754825028772}","{'cityblock': 0.03156754825028772, 'minkowski': 0.016354754684954495, 'euclidean': 0.016354754684954495, 'l1': 0.03156754825028772, 'manhattan': 0.03156754825028772}","{'cityblock': 0.03156754825028772, 'minkowski': 0.016354754684954426, 'euclidean': 0.016354754684954426, 'l1': 0.03156754825028772, 'manhattan': 0.03156754825028772}"
544,"{'cityblock': 0.03156754825028772, 'minkowski': 0.016354754684954426, 'euclidean': 0.016354754684954426, 'l1': 0.03156754825028772, 'manhattan': 0.03156754825028772}","{'cityblock': 0.03156754825028772, 'minkowski': 0.016354754684954495, 'euclidean': 0.016354754684954495, 'l1': 0.03156754825028772, 'manhattan': 0.03156754825028772}","{'cityblock': 0.03156754825028772, 'minkowski': 0.016354754684954426, 'euclidean': 0.016354754684954426, 'l1': 0.03156754825028772, 'manhattan': 0.03156754825028772}"
545,"{'cityblock': 0.03156754825028772, 'minkowski': 0.016354754684954426, 'euclidean': 0.016354754684954426, 'l1': 0.03156754825028772, 'manhattan': 0.03156754825028772}","{'cityblock': 0.03156754825028772, 'minkowski': 0.016354754684954495, 'euclidean': 0.016354754684954495, 'l1': 0.03156754825028772, 'manhattan': 0.03156754825028772}","{'cityblock': 0.03156754825028772, 'minkowski': 0.016354754684954426, 'euclidean': 0.016354754684954426, 'l1': 0.03156754825028772, 'manhattan': 0.03156754825028772}"
